9.539829600000000000e+08
9.560108090000000000e+08
9.570324920000000000e+08
9.582347420000000000e+08
9.596810450000000000e+08
8.422301300000000000e+08
8.440884140000000000e+08
8.447070310000000000e+08
8.454047800000000000e+08
8.460543990000000000e+08
9.857784200000000000e+08
9.888666960000000000e+08
9.901934210000000000e+08
9.916629100000000000e+08
1.008034648000000000e+09
1.009248812000000000e+09
1.010371498000000000e+09
1.011563369000000000e+09
1.011885656000000000e+09
9.148235870000000000e+08
9.190189860000000000e+08
9.286933840000000000e+08
9.319477350000000000e+08
9.037087600000000000e+08
9.064726250000000000e+08
9.070538760000000000e+08
9.085333700000000000e+08
9.119047170000000000e+08
9.136734770000000000e+08
9.147053010000000000e+08
9.293416970000000000e+08
9.752393450000000000e+08
9.769640990000000000e+08
9.774517270000000000e+08
9.785544300000000000e+08
9.932415750000000000e+08
9.936952150000000000e+08
9.939573740000000000e+08
8.640002000000000000e+08
8.652776840000000000e+08
8.660255920000000000e+08
9.378256620000000000e+08
9.407968590000000000e+08
9.418026990000000000e+08
9.452777250000000000e+08
9.483417570000000000e+08
9.298187970000000000e+08
9.335047590000000000e+08
9.358115630000000000e+08
9.374162920000000000e+08
9.515203190000000000e+08
1.006441188000000000e+09
1.010028030000000000e+09
1.010487593000000000e+09
1.012667846000000000e+09
9.924405760000000000e+08
9.935700830000000000e+08
9.938174090000000000e+08
9.641541340000000000e+08
9.658186570000000000e+08
9.676604270000000000e+08
9.696237700000000000e+08
8.807766480000000000e+08
8.824462650000000000e+08
8.828312970000000000e+08
8.848081600000000000e+08
8.856441810000000000e+08
8.871654320000000000e+08
8.470484850000000000e+08
8.485759920000000000e+08
8.490988510000000000e+08
8.509766040000000000e+08
8.822561270000000000e+08
8.827481840000000000e+08
8.845961280000000000e+08
8.863225950000000000e+08
8.869269350000000000e+08
8.881270120000000000e+08
1.002181709000000000e+09
1.005407328000000000e+09
9.450339940000000000e+08
9.482250400000000000e+08
9.501886440000000000e+08
9.655246920000000000e+08
9.684017860000000000e+08
9.692239600000000000e+08
9.718866920000000000e+08
9.726856180000000000e+08
9.919925570000000000e+08
9.932672240000000000e+08
9.939844220000000000e+08
8.392409150000000000e+08
8.405847090000000000e+08
8.414668250000000000e+08
8.424265520000000000e+08
9.827030830000000000e+08
9.869351510000000000e+08
9.875198490000000000e+08
9.890623610000000000e+08
8.718083780000000000e+08
8.726460680000000000e+08
8.735176350000000000e+08
9.716713330000000000e+08
9.734408130000000000e+08
9.737449750000000000e+08
9.746347330000000000e+08
9.029956270000000000e+08
9.049228000000000000e+08
9.066580640000000000e+08
9.081223810000000000e+08
9.590141800000000000e+08
9.607422390000000000e+08
9.622427160000000000e+08
9.640086130000000000e+08
1.009963867000000000e+09
1.010446955000000000e+09
8.663367640000000000e+08
8.688190480000000000e+08
8.709609080000000000e+08
9.762159990000000000e+08
9.778701640000000000e+08
9.782167990000000000e+08
9.167046340000000000e+08
9.191042670000000000e+08
9.200158950000000000e+08
9.208394780000000000e+08
9.238348520000000000e+08
9.256034860000000000e+08
8.495258840000000000e+08
8.529745370000000000e+08
8.542834070000000000e+08
8.558269370000000000e+08
