7.753783260000000000e+08
7.790940780000000000e+08
7.808579560000000000e+08
7.836290240000000000e+08
7.854490490000000000e+08
7.860449210000000000e+08
7.882921650000000000e+08
7.892957000000000000e+08
7.905130300000000000e+08
7.913279160000000000e+08
7.917694470000000000e+08
7.919040710000000000e+08
7.924776790000000000e+08
7.924997410000000000e+08
7.925839680000000000e+08
7.926549390000000000e+08
7.926803060000000000e+08
7.933182740000000000e+08
7.933432070000000000e+08
7.940711280000000000e+08
7.942127660000000000e+08
7.942754710000000000e+08
7.946732800000000000e+08
7.949683000000000000e+08
7.950029420000000000e+08
7.956144370000000000e+08
7.957429900000000000e+08
7.959034350000000000e+08
7.960315090000000000e+08
7.960432550000000000e+08
7.960461970000000000e+08
7.960561380000000000e+08
7.960616320000000000e+08
7.962512700000000000e+08
7.991313440000000000e+08
7.992884490000000000e+08
8.009197280000000000e+08
8.009225070000000000e+08
8.009225110000000000e+08
8.023640850000000000e+08
8.024068370000000000e+08
8.024586460000000000e+08
8.024594300000000000e+08
8.025086960000000000e+08
8.029229680000000000e+08
8.029789980000000000e+08
8.029881190000000000e+08
8.029881320000000000e+08
8.030888380000000000e+08
8.033410100000000000e+08
8.033470040000000000e+08
8.033515200000000000e+08
8.036167000000000000e+08
8.048571210000000000e+08
8.049256870000000000e+08
8.049296490000000000e+08
8.049714630000000000e+08
8.053734920000000000e+08
8.054228410000000000e+08
8.055352490000000000e+08
8.056397800000000000e+08
8.056949870000000000e+08
8.061099310000000000e+08
8.062965980000000000e+08
8.066161080000000000e+08
8.073565570000000000e+08
8.075848760000000000e+08
8.081076470000000000e+08
8.083243010000000000e+08
8.084321670000000000e+08
8.085008870000000000e+08
8.094272930000000000e+08
8.098150340000000000e+08
8.098150410000000000e+08
8.105988800000000000e+08
8.106015990000000000e+08
8.113540080000000000e+08
8.113554580000000000e+08
8.118301020000000000e+08
8.118301210000000000e+08
8.125597890000000000e+08
8.125598030000000000e+08
8.129552560000000000e+08
8.129997300000000000e+08
8.130419530000000000e+08
8.137152410000000000e+08
8.137371100000000000e+08
8.144086300000000000e+08
8.145453060000000000e+08
8.145467330000000000e+08
8.150153170000000000e+08
8.155119720000000000e+08
8.163815160000000000e+08
8.163815250000000000e+08
8.170530450000000000e+08
8.170819490000000000e+08
8.171650940000000000e+08
8.171804240000000000e+08
8.171822030000000000e+08
8.171822110000000000e+08
8.185394360000000000e+08
8.187585640000000000e+08
8.187585720000000000e+08
8.187639420000000000e+08
8.190653770000000000e+08
8.192451470000000000e+08
8.192451750000000000e+08
8.192471320000000000e+08
8.194979980000000000e+08
8.195093130000000000e+08
8.199904910000000000e+08
8.199905140000000000e+08
8.201245400000000000e+08
8.206634610000000000e+08
8.207404000000000000e+08
8.215218260000000000e+08
8.215939790000000000e+08
8.218033590000000000e+08
8.218033800000000000e+08
8.221593460000000000e+08
8.224093490000000000e+08
8.224093530000000000e+08
8.224394530000000000e+08
8.228745780000000000e+08
8.229956930000000000e+08
8.231967890000000000e+08
8.232410070000000000e+08
8.232428270000000000e+08
8.234962260000000000e+08
8.239229500000000000e+08
8.239681000000000000e+08
8.239986540000000000e+08
8.245665870000000000e+08
8.246254460000000000e+08
8.248947210000000000e+08
8.249928040000000000e+08
8.250129950000000000e+08
8.250154530000000000e+08
8.252689820000000000e+08
8.252690060000000000e+08
8.255320970000000000e+08
8.255338660000000000e+08
8.258013980000000000e+08
8.258885370000000000e+08
8.258885410000000000e+08
8.259022390000000000e+08
8.263498990000000000e+08
8.263567470000000000e+08
8.266971620000000000e+08
8.268463030000000000e+08
8.268474770000000000e+08
8.273747650000000000e+08
8.279440140000000000e+08
8.279988450000000000e+08
8.286695930000000000e+08
8.288382360000000000e+08
8.288796080000000000e+08
8.291388370000000000e+08
8.292827850000000000e+08
8.292925140000000000e+08
8.295788290000000000e+08
8.297146720000000000e+08
8.298775520000000000e+08
8.298978180000000000e+08
8.304194510000000000e+08
8.304672170000000000e+08
8.306201260000000000e+08
8.312179500000000000e+08
8.320054220000000000e+08
8.320195830000000000e+08
8.325202940000000000e+08
8.325408450000000000e+08
8.329811540000000000e+08
8.331006830000000000e+08
8.332459890000000000e+08
8.334544200000000000e+08
8.339469290000000000e+08
8.340576560000000000e+08
8.340930140000000000e+08
8.348842280000000000e+08
8.349084810000000000e+08
8.356029550000000000e+08
8.356165030000000000e+08
8.358208320000000000e+08
8.358886280000000000e+08
8.359400150000000000e+08
8.361089970000000000e+08
8.361666940000000000e+08
8.361738850000000000e+08
8.366045170000000000e+08
8.367616530000000000e+08
8.367774680000000000e+08
8.367774940000000000e+08
8.370985210000000000e+08
8.371925670000000000e+08
8.371966270000000000e+08
8.372033050000000000e+08
8.375743840000000000e+08
8.376325210000000000e+08
8.376389160000000000e+08
8.376477220000000000e+08
8.382199130000000000e+08
8.383702720000000000e+08
8.384795150000000000e+08
8.384961220000000000e+08
8.384961260000000000e+08
8.390519640000000000e+08
8.391096070000000000e+08
8.392335160000000000e+08
8.392342890000000000e+08
8.394980180000000000e+08
8.395307960000000000e+08
8.395660450000000000e+08
8.395660490000000000e+08
8.398096090000000000e+08
8.399314850000000000e+08
8.399399860000000000e+08
8.403174900000000000e+08
8.405743780000000000e+08
8.405945140000000000e+08
8.405945180000000000e+08
8.411481180000000000e+08
8.412711040000000000e+08
8.414268320000000000e+08
8.414268570000000000e+08
8.414296870000000000e+08
8.417071770000000000e+08
8.417215960000000000e+08
8.417846370000000000e+08
8.418277740000000000e+08
8.418300960000000000e+08
8.418422100000000000e+08
8.421743990000000000e+08
8.423852660000000000e+08
8.423852770000000000e+08
8.423996250000000000e+08
8.427298950000000000e+08
8.428127300000000000e+08
8.428199290000000000e+08
8.428199330000000000e+08
8.428401440000000000e+08
8.428444130000000000e+08
8.434004430000000000e+08
8.434004530000000000e+08
8.434015800000000000e+08
8.434231710000000000e+08
8.440275990000000000e+08
8.441997580000000000e+08
8.441997660000000000e+08
8.442298950000000000e+08
8.442539290000000000e+08
8.446494930000000000e+08
8.448918850000000000e+08
8.449082610000000000e+08
8.449450600000000000e+08
8.454415120000000000e+08
8.455720390000000000e+08
8.455720440000000000e+08
8.455851050000000000e+08
8.455946840000000000e+08
8.460113200000000000e+08
8.460160590000000000e+08
8.460231030000000000e+08
8.461699630000000000e+08
8.462848800000000000e+08
8.463169160000000000e+08
8.463314230000000000e+08
8.467500500000000000e+08
8.467574090000000000e+08
8.469297500000000000e+08
8.470363280000000000e+08
8.470363380000000000e+08
8.470484900000000000e+08
8.476607410000000000e+08
8.476934530000000000e+08
8.478381310000000000e+08
8.478717710000000000e+08
8.478749400000000000e+08
8.482877800000000000e+08
8.483482150000000000e+08
8.485265110000000000e+08
8.485995420000000000e+08
8.486134060000000000e+08
8.489102430000000000e+08
8.489452100000000000e+08
8.494305570000000000e+08
8.494855480000000000e+08
8.496486180000000000e+08
8.496512750000000000e+08
8.507968290000000000e+08
8.508071740000000000e+08
8.508108580000000000e+08
8.509859930000000000e+08
8.509898320000000000e+08
8.515511630000000000e+08
8.521905940000000000e+08
8.521906030000000000e+08
8.524515670000000000e+08
8.525016780000000000e+08
8.529553140000000000e+08
8.529662480000000000e+08
8.529932300000000000e+08
8.532609290000000000e+08
8.534961050000000000e+08
8.535026080000000000e+08
8.535026190000000000e+08
8.538755140000000000e+08
8.538821900000000000e+08
8.538861460000000000e+08
8.542016750000000000e+08
8.542673820000000000e+08
8.551979190000000000e+08
8.552687610000000000e+08
8.554243480000000000e+08
8.554555420000000000e+08
8.554590120000000000e+08
8.557979120000000000e+08
8.558667010000000000e+08
8.559809370000000000e+08
8.559872540000000000e+08
8.564120790000000000e+08
8.564451330000000000e+08
8.567196150000000000e+08
8.567246630000000000e+08
8.572815920000000000e+08
8.574884910000000000e+08
8.575048980000000000e+08
8.580118850000000000e+08
8.581650190000000000e+08
8.582487880000000000e+08
8.582507630000000000e+08
8.588730370000000000e+08
8.589747310000000000e+08
8.590462140000000000e+08
8.590492980000000000e+08
8.596015050000000000e+08
8.596203740000000000e+08
8.597848680000000000e+08
8.597848770000000000e+08
8.603489130000000000e+08
8.604260310000000000e+08
8.605338620000000000e+08
8.608369600000000000e+08
8.608369800000000000e+08
8.617018350000000000e+08
8.617225460000000000e+08
8.617881410000000000e+08
8.617899350000000000e+08
8.624404600000000000e+08
8.627109670000000000e+08
8.627169130000000000e+08
8.634239970000000000e+08
8.636148290000000000e+08
8.636148360000000000e+08
8.639669580000000000e+08
8.639669660000000000e+08
8.640064780000000000e+08
8.640686490000000000e+08
8.642600280000000000e+08
8.645987330000000000e+08
8.646122660000000000e+08
8.646567580000000000e+08
8.648131300000000000e+08
8.648446520000000000e+08
8.651147050000000000e+08
8.651851070000000000e+08
8.652605460000000000e+08
8.652883640000000000e+08
8.654601790000000000e+08
8.658831820000000000e+08
8.659426400000000000e+08
8.661038390000000000e+08
8.661137860000000000e+08
8.662964780000000000e+08
8.669129230000000000e+08
8.669688910000000000e+08
8.669763250000000000e+08
8.669996770000000000e+08
8.670569230000000000e+08
8.675531780000000000e+08
8.676155410000000000e+08
8.676455700000000000e+08
8.676585140000000000e+08
8.680087650000000000e+08
8.685210850000000000e+08
8.685381920000000000e+08
8.685403370000000000e+08
8.685511150000000000e+08
8.685553610000000000e+08
8.686531400000000000e+08
8.692239650000000000e+08
8.692855390000000000e+08
8.693346530000000000e+08
8.693346720000000000e+08
8.704733960000000000e+08
8.705599280000000000e+08
8.706010810000000000e+08
8.706103820000000000e+08
8.710490780000000000e+08
8.717230730000000000e+08
8.717949390000000000e+08
8.717949430000000000e+08
8.721467170000000000e+08
8.726072970000000000e+08
8.726143510000000000e+08
8.727420650000000000e+08
8.730024340000000000e+08
8.734404380000000000e+08
8.734713210000000000e+08
8.735379110000000000e+08
8.735416550000000000e+08
8.736956530000000000e+08
8.737505420000000000e+08
8.738463490000000000e+08
8.743031350000000000e+08
8.743245110000000000e+08
8.743245230000000000e+08
8.744169850000000000e+08
8.746811370000000000e+08
8.750201570000000000e+08
8.750201690000000000e+08
8.750202030000000000e+08
8.754143400000000000e+08
8.765212670000000000e+08
8.766518910000000000e+08
8.766600210000000000e+08
8.767595860000000000e+08
8.773382600000000000e+08
8.774479640000000000e+08
8.774873750000000000e+08
8.775826520000000000e+08
8.779304980000000000e+08
8.780759650000000000e+08
8.781201010000000000e+08
8.781793820000000000e+08
8.782581930000000000e+08
8.782823690000000000e+08
8.786710840000000000e+08
8.787034440000000000e+08
8.787714030000000000e+08
8.790232710000000000e+08
8.790372690000000000e+08
8.790745740000000000e+08
8.798466240000000000e+08
8.799504850000000000e+08
8.799690020000000000e+08
8.801749390000000000e+08
8.801811640000000000e+08
8.802087900000000000e+08
8.802311560000000000e+08
8.806448240000000000e+08
8.806448330000000000e+08
8.807754580000000000e+08
8.807847940000000000e+08
8.812511790000000000e+08
8.812511870000000000e+08
8.813158950000000000e+08
8.814166280000000000e+08
8.814352480000000000e+08
8.814502320000000000e+08
8.814502530000000000e+08
8.821718940000000000e+08
8.822192670000000000e+08
8.822266010000000000e+08
8.822561170000000000e+08
8.823736570000000000e+08
8.824194320000000000e+08
8.824266700000000000e+08
8.824266750000000000e+08
8.826694740000000000e+08
8.826778130000000000e+08
8.826786940000000000e+08
8.827481800000000000e+08
8.827853560000000000e+08
8.828333350000000000e+08
8.828444020000000000e+08
8.836329280000000000e+08
8.836329560000000000e+08
8.836960920000000000e+08
8.839867500000000000e+08
8.840045620000000000e+08
8.840700370000000000e+08
8.845529080000000000e+08
8.845600640000000000e+08
8.847567580000000000e+08
8.847762710000000000e+08
8.848469350000000000e+08
8.848819170000000000e+08
8.848883790000000000e+08
8.854109340000000000e+08
8.854185300000000000e+08
8.855466930000000000e+08
8.855466970000000000e+08
8.855984120000000000e+08
8.856097780000000000e+08
8.862509840000000000e+08
8.862509950000000000e+08
8.862570380000000000e+08
8.864262370000000000e+08
8.864404220000000000e+08
8.864469620000000000e+08
8.864722410000000000e+08
8.868955230000000000e+08
8.869001790000000000e+08
8.869314440000000000e+08
8.869539010000000000e+08
8.870061110000000000e+08
8.871654110000000000e+08
8.871753020000000000e+08
8.880249100000000000e+08
8.881635190000000000e+08
8.882825550000000000e+08
8.882985900000000000e+08
8.882985970000000000e+08
8.883014370000000000e+08
8.883114430000000000e+08
8.883468870000000000e+08
8.891556780000000000e+08
8.891556990000000000e+08
8.891751800000000000e+08
8.893367840000000000e+08
8.893880780000000000e+08
8.894435150000000000e+08
8.894782820000000000e+08
8.894782910000000000e+08
8.895029270000000000e+08
8.895366680000000000e+08
8.895594620000000000e+08
8.900363900000000000e+08
8.900512070000000000e+08
8.900512510000000000e+08
8.903557980000000000e+08
8.904086350000000000e+08
8.905554570000000000e+08
8.905784680000000000e+08
8.905983290000000000e+08
8.914847520000000000e+08
8.914954220000000000e+08
8.915045070000000000e+08
8.916056820000000000e+08
8.916356630000000000e+08
8.917243110000000000e+08
8.917527820000000000e+08
8.917617140000000000e+08
8.924002880000000000e+08
8.924108290000000000e+08
8.924138750000000000e+08
8.924913930000000000e+08
8.925250190000000000e+08
8.925265440000000000e+08
8.925978810000000000e+08
8.925978850000000000e+08
8.933568420000000000e+08
8.933568490000000000e+08
8.933591090000000000e+08
8.934883340000000000e+08
8.935405990000000000e+08
8.935511640000000000e+08
8.935511760000000000e+08
8.935607390000000000e+08
8.935640910000000000e+08
8.936056520000000000e+08
8.942158370000000000e+08
8.942158610000000000e+08
8.943680530000000000e+08
8.943680640000000000e+08
8.944667380000000000e+08
8.944812910000000000e+08
8.944812990000000000e+08
8.944899500000000000e+08
8.944951570000000000e+08
8.945756260000000000e+08
8.951631380000000000e+08
8.952417100000000000e+08
8.952489040000000000e+08
8.952489130000000000e+08
8.952561700000000000e+08
8.952620030000000000e+08
8.952904930000000000e+08
8.958046260000000000e+08
8.958046380000000000e+08
8.958776510000000000e+08
8.958963680000000000e+08
8.959022860000000000e+08
8.959147770000000000e+08
8.959147830000000000e+08
8.959476030000000000e+08
8.960460570000000000e+08
8.964424500000000000e+08
8.965436490000000000e+08
8.965437120000000000e+08
8.969313250000000000e+08
8.969459020000000000e+08
8.969691010000000000e+08
8.969958230000000000e+08
8.970029670000000000e+08
8.970828580000000000e+08
8.986580750000000000e+08
8.986580790000000000e+08
8.986688280000000000e+08
8.986820700000000000e+08
8.986832490000000000e+08
8.986838310000000000e+08
8.986916740000000000e+08
8.986954950000000000e+08
8.989267260000000000e+08
8.989267310000000000e+08
8.989813070000000000e+08
8.989822500000000000e+08
8.996855650000000000e+08
8.996920320000000000e+08
8.997005870000000000e+08
8.997298630000000000e+08
8.997387390000000000e+08
8.997428690000000000e+08
8.997593220000000000e+08
9.002268490000000000e+08
9.002268530000000000e+08
9.002310630000000000e+08
9.002321480000000000e+08
9.009176370000000000e+08
9.009363020000000000e+08
9.009760160000000000e+08
9.010761330000000000e+08
9.012516630000000000e+08
9.013404650000000000e+08
9.013585200000000000e+08
9.013638860000000000e+08
9.013759370000000000e+08
9.013759490000000000e+08
9.014240760000000000e+08
9.014315930000000000e+08
9.018693290000000000e+08
9.018763890000000000e+08
9.020998490000000000e+08
9.022443530000000000e+08
9.022551790000000000e+08
9.022601480000000000e+08
9.022658460000000000e+08
9.022820580000000000e+08
9.023285480000000000e+08
9.023285580000000000e+08
9.023362620000000000e+08
9.028034300000000000e+08
9.028034350000000000e+08
9.028105060000000000e+08
9.028715650000000000e+08
9.029755000000000000e+08
9.029755100000000000e+08
9.029755140000000000e+08
9.030987790000000000e+08
9.031450710000000000e+08
9.031554780000000000e+08
9.036934390000000000e+08
9.036934440000000000e+08
9.037034680000000000e+08
9.040156310000000000e+08
9.040938250000000000e+08
9.040938370000000000e+08
9.045745760000000000e+08
9.045928320000000000e+08
9.049178940000000000e+08
9.049227950000000000e+08
9.049228050000000000e+08
9.049545710000000000e+08
9.066580760000000000e+08
9.066580920000000000e+08
9.066685450000000000e+08
9.066853390000000000e+08
9.067267200000000000e+08
9.070200080000000000e+08
9.070359500000000000e+08
9.070538600000000000e+08
9.070704990000000000e+08
9.071950530000000000e+08
9.073561700000000000e+08
9.079071630000000000e+08
9.079125710000000000e+08
9.079953930000000000e+08
9.080657600000000000e+08
9.081044630000000000e+08
9.081093200000000000e+08
9.081656530000000000e+08
9.084870850000000000e+08
9.084894090000000000e+08
9.085648980000000000e+08
9.085649160000000000e+08
9.085720520000000000e+08
9.089020900000000000e+08
9.089086290000000000e+08
9.089301960000000000e+08
9.093414480000000000e+08
9.093414710000000000e+08
9.093640140000000000e+08
9.093692940000000000e+08
9.095137540000000000e+08
9.095401820000000000e+08
9.101823030000000000e+08
9.102071790000000000e+08
9.102421180000000000e+08
9.102499810000000000e+08
9.102986570000000000e+08
9.102986650000000000e+08
9.103908910000000000e+08
9.103932060000000000e+08
9.103932260000000000e+08
9.103961330000000000e+08
9.104480270000000000e+08
9.108066620000000000e+08
9.108129130000000000e+08
9.108596480000000000e+08
9.108730410000000000e+08
9.110162760000000000e+08
9.110193270000000000e+08
9.110218220000000000e+08
9.110257990000000000e+08
9.110611600000000000e+08
9.113422540000000000e+08
9.113463860000000000e+08
9.113753220000000000e+08
9.114370800000000000e+08
9.114798760000000000e+08
9.114862130000000000e+08
9.115178770000000000e+08
9.115419390000000000e+08
9.115434180000000000e+08
9.115813640000000000e+08
9.118748840000000000e+08
9.119600880000000000e+08
9.120085380000000000e+08
9.120847350000000000e+08
9.122195190000000000e+08
9.122237930000000000e+08
9.122237990000000000e+08
9.122429700000000000e+08
9.123188400000000000e+08
9.125702980000000000e+08
9.125703070000000000e+08
9.125703200000000000e+08
9.125703340000000000e+08
9.129026110000000000e+08
9.129026590000000000e+08
9.129129120000000000e+08
9.130143980000000000e+08
9.136776840000000000e+08
9.136843290000000000e+08
9.136843380000000000e+08
9.138504580000000000e+08
9.138541810000000000e+08
9.138780140000000000e+08
9.138982050000000000e+08
9.139015360000000000e+08
9.139179290000000000e+08
9.142191600000000000e+08
9.142191740000000000e+08
9.142214570000000000e+08
9.143396270000000000e+08
9.143396330000000000e+08
9.144024940000000000e+08
9.144082960000000000e+08
9.146747950000000000e+08
9.146913720000000000e+08
9.146913810000000000e+08
9.146913970000000000e+08
9.147417600000000000e+08
9.148310200000000000e+08
9.148310330000000000e+08
9.148520870000000000e+08
9.148556720000000000e+08
9.148593560000000000e+08
9.148682920000000000e+08
9.153261030000000000e+08
9.153433430000000000e+08
9.153433640000000000e+08
9.156092050000000000e+08
9.156092290000000000e+08
9.156536840000000000e+08
9.156755950000000000e+08
9.156904130000000000e+08
9.163903990000000000e+08
9.164038410000000000e+08
9.164038460000000000e+08
9.166144070000000000e+08
9.166171120000000000e+08
9.166523030000000000e+08
9.166670390000000000e+08
9.166735770000000000e+08
9.172619050000000000e+08
9.172619170000000000e+08
9.172619210000000000e+08
9.175002650000000000e+08
9.175063930000000000e+08
9.175882470000000000e+08
9.176005130000000000e+08
9.180846740000000000e+08
9.180987760000000000e+08
9.180988030000000000e+08
9.180988120000000000e+08
9.182823140000000000e+08
9.184488010000000000e+08
9.184519880000000000e+08
9.184545290000000000e+08
9.184866080000000000e+08
9.188285350000000000e+08
9.188601870000000000e+08
9.189497160000000000e+08
9.189533260000000000e+08
9.190221740000000000e+08
9.190254560000000000e+08
9.190254700000000000e+08
9.190821340000000000e+08
9.194444160000000000e+08
9.194594940000000000e+08
9.196990600000000000e+08
9.198908840000000000e+08
9.198956400000000000e+08
9.199020200000000000e+08
9.199850260000000000e+08
9.204878090000000000e+08
9.208079730000000000e+08
9.208139900000000000e+08
9.208140010000000000e+08
9.208881970000000000e+08
9.213641470000000000e+08
9.214231230000000000e+08
9.217590970000000000e+08
9.217719340000000000e+08
9.218734500000000000e+08
9.218793600000000000e+08
9.218793860000000000e+08
9.219592070000000000e+08
9.224494880000000000e+08
9.224679300000000000e+08
9.224947010000000000e+08
9.227174640000000000e+08
9.228696240000000000e+08
9.233643020000000000e+08
9.233995680000000000e+08
9.237500870000000000e+08
9.237576440000000000e+08
9.238237100000000000e+08
9.238454210000000000e+08
9.238778740000000000e+08
9.244922140000000000e+08
9.245154830000000000e+08
9.247390820000000000e+08
9.247405750000000000e+08
9.247524870000000000e+08
9.247570550000000000e+08
9.250168630000000000e+08
9.250850280000000000e+08
9.266143790000000000e+08
9.266217790000000000e+08
9.266217830000000000e+08
9.267252040000000000e+08
9.274194110000000000e+08
9.274300670000000000e+08
9.276293700000000000e+08
9.276439820000000000e+08
9.276439920000000000e+08
9.276521020000000000e+08
9.277512250000000000e+08
9.278199790000000000e+08
9.282799180000000000e+08
9.283619130000000000e+08
9.285710630000000000e+08
9.286336840000000000e+08
9.286476010000000000e+08
9.286476050000000000e+08
9.286544980000000000e+08
9.287512220000000000e+08
9.293542430000000000e+08
9.294675030000000000e+08
9.295034450000000000e+08
9.295195000000000000e+08
9.295225430000000000e+08
9.295225500000000000e+08
9.295225540000000000e+08
9.295393920000000000e+08
9.297673470000000000e+08
9.298367320000000000e+08
9.298886390000000000e+08
9.303191670000000000e+08
9.303355120000000000e+08
9.303355190000000000e+08
9.303761160000000000e+08
9.303761220000000000e+08
9.304437370000000000e+08
9.314889190000000000e+08
9.315260800000000000e+08
9.319139770000000000e+08
9.319555270000000000e+08
9.321609900000000000e+08
9.325479170000000000e+08
9.325965750000000000e+08
9.326287150000000000e+08
9.328605600000000000e+08
9.329600880000000000e+08
9.329601120000000000e+08
9.329912980000000000e+08
9.330345580000000000e+08
9.334565110000000000e+08
9.334565390000000000e+08
9.334729750000000000e+08
9.336042430000000000e+08
9.338307530000000000e+08
9.339548990000000000e+08
9.339549150000000000e+08
9.340700630000000000e+08
9.340759570000000000e+08
9.347077440000000000e+08
9.347253580000000000e+08
9.348122490000000000e+08
9.350457650000000000e+08
9.350534290000000000e+08
9.351501670000000000e+08
9.356017250000000000e+08
9.356534790000000000e+08
9.360199280000000000e+08
9.360834450000000000e+08
9.360834590000000000e+08
9.361537440000000000e+08
9.361694850000000000e+08
9.373565030000000000e+08
9.374426610000000000e+08
9.374577700000000000e+08
9.376634170000000000e+08
9.377060260000000000e+08
9.377060480000000000e+08
9.377900350000000000e+08
9.384258820000000000e+08
9.387679480000000000e+08
9.387944960000000000e+08
9.388848990000000000e+08
9.388898400000000000e+08
9.395334420000000000e+08
9.395362270000000000e+08
9.395385790000000000e+08
9.397655080000000000e+08
9.398316420000000000e+08
9.399366270000000000e+08
9.399701610000000000e+08
9.399775270000000000e+08
9.400174210000000000e+08
9.401454010000000000e+08
9.405532210000000000e+08
9.405532280000000000e+08
9.405662010000000000e+08
9.406284020000000000e+08
9.407550540000000000e+08
9.407575710000000000e+08
9.407793820000000000e+08
9.407799370000000000e+08
9.414575670000000000e+08
9.415972430000000000e+08
9.417265240000000000e+08
9.417340230000000000e+08
9.418369850000000000e+08
9.418960700000000000e+08
9.418960810000000000e+08
9.419081280000000000e+08
9.421970440000000000e+08
9.424123380000000000e+08
9.425980320000000000e+08
9.427609750000000000e+08
9.427675390000000000e+08
9.427675440000000000e+08
9.428499090000000000e+08
9.428499160000000000e+08
9.433586080000000000e+08
9.434799880000000000e+08
9.435597000000000000e+08
9.439489980000000000e+08
9.441249760000000000e+08
9.441532040000000000e+08
9.442168720000000000e+08
9.442168790000000000e+08
9.446988580000000000e+08
9.448456470000000000e+08
9.449713150000000000e+08
9.450632070000000000e+08
9.450757560000000000e+08
9.451849060000000000e+08
9.452042930000000000e+08
9.456450330000000000e+08
9.458113270000000000e+08
9.462075060000000000e+08
9.462630630000000000e+08
9.462816680000000000e+08
9.462849880000000000e+08
9.470385100000000000e+08
9.470827340000000000e+08
9.471972120000000000e+08
9.473060510000000000e+08
9.473559070000000000e+08
9.473724410000000000e+08
9.473854240000000000e+08
9.479482490000000000e+08
9.480035400000000000e+08
9.481263860000000000e+08
9.481488170000000000e+08
9.481488230000000000e+08
9.481624860000000000e+08
9.482069190000000000e+08
9.482388590000000000e+08
9.483091560000000000e+08
9.483207430000000000e+08
9.491824140000000000e+08
9.491824280000000000e+08
9.492507000000000000e+08
9.492659860000000000e+08
9.492924900000000000e+08
9.493620580000000000e+08
9.494022460000000000e+08
9.494043520000000000e+08
9.499870800000000000e+08
9.500008780000000000e+08
9.501577870000000000e+08
9.501642600000000000e+08
9.502506460000000000e+08
9.502651180000000000e+08
9.514538280000000000e+08
9.514599070000000000e+08
9.515071020000000000e+08
9.515203110000000000e+08
9.515370350000000000e+08
9.515659210000000000e+08
9.516877140000000000e+08
9.516899170000000000e+08
9.516963550000000000e+08
9.526105730000000000e+08
9.526574680000000000e+08
9.527462300000000000e+08
9.527525400000000000e+08
9.527525580000000000e+08
9.528378700000000000e+08
9.528888200000000000e+08
9.529233050000000000e+08
9.529449240000000000e+08
9.539522530000000000e+08
9.539784040000000000e+08
9.539784120000000000e+08
9.539918860000000000e+08
9.540059840000000000e+08
9.540558410000000000e+08
9.541665380000000000e+08
9.541923050000000000e+08
9.541988570000000000e+08
9.546036510000000000e+08
9.546036720000000000e+08
9.550790620000000000e+08
9.550943050000000000e+08
9.551100470000000000e+08
9.559430030000000000e+08
9.559622260000000000e+08
9.560108160000000000e+08
9.561719270000000000e+08
9.562690970000000000e+08
9.564333660000000000e+08
9.564540850000000000e+08
9.570308100000000000e+08
9.570319890000000000e+08
9.570335980000000000e+08
9.570714780000000000e+08
9.573312580000000000e+08
9.573879510000000000e+08
9.574126170000000000e+08
9.574126250000000000e+08
9.574356640000000000e+08
9.574543250000000000e+08
9.582347510000000000e+08
9.582543690000000000e+08
9.582543730000000000e+08
9.584562040000000000e+08
9.585191350000000000e+08
9.585191580000000000e+08
9.585325040000000000e+08
9.585356150000000000e+08
9.585580820000000000e+08
9.585912270000000000e+08
9.588849080000000000e+08
9.588929640000000000e+08
9.588975630000000000e+08
9.589821930000000000e+08
9.589945110000000000e+08
9.590311420000000000e+08
9.590311490000000000e+08
9.590519980000000000e+08
9.590674840000000000e+08
9.590675230000000000e+08
9.591154650000000000e+08
9.596408850000000000e+08
9.596531940000000000e+08
9.596544870000000000e+08
9.598360770000000000e+08
9.598832270000000000e+08
9.599016810000000000e+08
9.599595590000000000e+08
9.599653810000000000e+08
9.599827620000000000e+08
9.604863830000000000e+08
9.604863870000000000e+08
9.604863910000000000e+08
9.605015780000000000e+08
9.606973280000000000e+08
9.606973320000000000e+08
9.607748680000000000e+08
9.607830070000000000e+08
9.607830110000000000e+08
9.607969840000000000e+08
9.611075360000000000e+08
9.611075570000000000e+08
9.611075650000000000e+08
9.611502340000000000e+08
9.612230540000000000e+08
9.612230610000000000e+08
9.612260770000000000e+08
9.617694920000000000e+08
9.617695070000000000e+08
9.617885610000000000e+08
9.618196310000000000e+08
9.622065560000000000e+08
9.622309210000000000e+08
9.622309260000000000e+08
9.622484780000000000e+08
9.623463350000000000e+08
9.628149000000000000e+08
9.628149040000000000e+08
9.628170470000000000e+08
9.629842290000000000e+08
9.631147280000000000e+08
9.631538380000000000e+08
9.632044540000000000e+08
9.632044580000000000e+08
9.632275780000000000e+08
9.633086000000000000e+08
9.635553670000000000e+08
9.636031000000000000e+08
9.636031120000000000e+08
9.636635050000000000e+08
9.639406780000000000e+08
9.640963220000000000e+08
9.641408250000000000e+08
9.641476340000000000e+08
9.641541460000000000e+08
9.648719810000000000e+08
9.648945910000000000e+08
9.649993920000000000e+08
9.650168240000000000e+08
9.650341850000000000e+08
9.650398840000000000e+08
9.650563790000000000e+08
9.650616460000000000e+08
9.650692160000000000e+08
9.650759940000000000e+08
9.654791100000000000e+08
9.654938680000000000e+08
9.654998120000000000e+08
9.655051850000000000e+08
9.657572480000000000e+08
9.657572560000000000e+08
9.663965770000000000e+08
9.664436240000000000e+08
9.664436370000000000e+08
9.664674360000000000e+08
9.667175220000000000e+08
9.667654940000000000e+08
9.667949100000000000e+08
9.668076320000000000e+08
9.668076400000000000e+08
9.668355170000000000e+08
9.672167900000000000e+08
9.672461200000000000e+08
9.672614410000000000e+08
9.672614490000000000e+08
9.674493080000000000e+08
9.675820990000000000e+08
9.675987790000000000e+08
9.676363140000000000e+08
9.676765970000000000e+08
9.681099780000000000e+08
9.681245510000000000e+08
9.681596160000000000e+08
9.683345950000000000e+08
9.685058790000000000e+08
9.685163650000000000e+08
9.685264300000000000e+08
9.685369510000000000e+08
9.685641340000000000e+08
9.690082370000000000e+08
9.691072540000000000e+08
9.691152280000000000e+08
9.692695690000000000e+08
9.694189030000000000e+08
9.694237250000000000e+08
9.694417190000000000e+08
9.699174700000000000e+08
9.699223220000000000e+08
9.699258120000000000e+08
9.700352260000000000e+08
9.700754400000000000e+08
9.700754440000000000e+08
9.700841330000000000e+08
9.706117890000000000e+08
9.706365360000000000e+08
9.707805190000000000e+08
9.708690840000000000e+08
9.708811870000000000e+08
9.708812130000000000e+08
9.708993910000000000e+08
9.714966130000000000e+08
9.715270550000000000e+08
9.716259220000000000e+08
9.716618050000000000e+08
9.716742730000000000e+08
9.716742770000000000e+08
9.716863310000000000e+08
9.718850450000000000e+08
9.719509090000000000e+08
9.720345570000000000e+08
9.720453180000000000e+08
9.720586960000000000e+08
9.723906710000000000e+08
9.724293100000000000e+08
9.725272180000000000e+08
9.725387800000000000e+08
9.725409770000000000e+08
9.727543580000000000e+08
9.727734690000000000e+08
9.727752650000000000e+08
9.727778090000000000e+08
9.733391480000000000e+08
9.734533200000000000e+08
9.734613100000000000e+08
9.736832700000000000e+08
9.737771760000000000e+08
9.737771840000000000e+08
9.737987980000000000e+08
9.738364130000000000e+08
9.741070150000000000e+08
9.743284520000000000e+08
9.743307930000000000e+08
9.746064920000000000e+08
9.747856450000000000e+08
9.748973540000000000e+08
9.748997660000000000e+08
9.752122290000000000e+08
9.753581310000000000e+08
9.754121370000000000e+08
9.754559440000000000e+08
9.760335350000000000e+08
9.760506580000000000e+08
9.761001950000000000e+08
9.761463470000000000e+08
9.761758100000000000e+08
9.761871560000000000e+08
9.761998540000000000e+08
9.765389260000000000e+08
9.765590110000000000e+08
9.766237040000000000e+08
9.766400520000000000e+08
9.767191140000000000e+08
9.767895900000000000e+08
9.769346600000000000e+08
9.769524290000000000e+08
9.773470110000000000e+08
9.773788940000000000e+08
9.773789300000000000e+08
9.776831200000000000e+08
9.777462600000000000e+08
9.778136810000000000e+08
9.778381800000000000e+08
9.780804330000000000e+08
9.780929570000000000e+08
9.780986230000000000e+08
9.781084560000000000e+08
9.781974510000000000e+08
9.782072510000000000e+08
9.782086760000000000e+08
9.782143080000000000e+08
9.785544130000000000e+08
9.786470800000000000e+08
9.786783100000000000e+08
9.786838830000000000e+08
9.787253650000000000e+08
9.787291590000000000e+08
9.792011360000000000e+08
9.792179190000000000e+08
9.792316500000000000e+08
9.792316580000000000e+08
9.793879240000000000e+08
9.794147550000000000e+08
9.794355700000000000e+08
9.794683130000000000e+08
9.797827100000000000e+08
9.800059560000000000e+08
9.801289570000000000e+08
9.801545620000000000e+08
9.816659910000000000e+08
9.816751460000000000e+08
9.816798530000000000e+08
9.816835760000000000e+08
9.819578490000000000e+08
9.825349220000000000e+08
9.825377350000000000e+08
9.825377500000000000e+08
9.825583060000000000e+08
9.827280890000000000e+08
9.827392340000000000e+08
9.827412620000000000e+08
9.831512720000000000e+08
9.832954030000000000e+08
9.832954090000000000e+08
9.839279830000000000e+08
9.840496380000000000e+08
9.840716940000000000e+08
9.857233730000000000e+08
9.857233800000000000e+08
9.857403110000000000e+08
9.857926250000000000e+08
9.858527510000000000e+08
9.860828280000000000e+08
9.861762630000000000e+08
9.861911540000000000e+08
9.866521780000000000e+08
9.866521890000000000e+08
9.866698360000000000e+08
9.868004620000000000e+08
9.869413180000000000e+08
9.870242590000000000e+08
9.870410250000000000e+08
9.874062510000000000e+08
9.874221300000000000e+08
9.874221390000000000e+08
9.876687060000000000e+08
9.879632010000000000e+08
9.881249910000000000e+08
9.881377380000000000e+08
9.881377510000000000e+08
9.888431130000000000e+08
9.888431200000000000e+08
9.888544320000000000e+08
9.888868480000000000e+08
9.889318140000000000e+08
9.890368900000000000e+08
9.891188890000000000e+08
9.891380150000000000e+08
9.891390590000000000e+08
9.891396860000000000e+08
9.893338360000000000e+08
9.893338420000000000e+08
9.893626000000000000e+08
9.893856600000000000e+08
9.894930980000000000e+08
9.895193310000000000e+08
9.895222420000000000e+08
9.895237300000000000e+08
9.901934050000000000e+08
9.901934270000000000e+08
9.902712610000000000e+08
9.902737690000000000e+08
9.902909370000000000e+08
9.903164630000000000e+08
9.903197010000000000e+08
9.903197060000000000e+08
9.904874720000000000e+08
9.904874740000000000e+08
9.905593410000000000e+08
9.905644550000000000e+08
9.905969740000000000e+08
9.906194590000000000e+08
9.906194610000000000e+08
9.906194660000000000e+08
9.907464990000000000e+08
9.907470560000000000e+08
9.908181240000000000e+08
9.908611370000000000e+08
9.908678950000000000e+08
9.908711980000000000e+08
9.908712150000000000e+08
9.908712550000000000e+08
9.916504240000000000e+08
9.916705950000000000e+08
9.917179950000000000e+08
9.917374420000000000e+08
9.917626760000000000e+08
9.917639930000000000e+08
9.917639950000000000e+08
9.919377960000000000e+08
9.919398190000000000e+08
9.919537320000000000e+08
9.919763770000000000e+08
9.919925640000000000e+08
9.919975440000000000e+08
9.920087220000000000e+08
9.921814920000000000e+08
9.921926230000000000e+08
9.921943630000000000e+08
9.922346040000000000e+08
9.922512610000000000e+08
9.922519640000000000e+08
9.922588860000000000e+08
9.922654090000000000e+08
9.923902800000000000e+08
9.923966670000000000e+08
9.924171430000000000e+08
9.924182130000000000e+08
9.924314670000000000e+08
9.927247600000000000e+08
9.927295580000000000e+08
9.927491610000000000e+08
9.928151060000000000e+08
9.928169690000000000e+08
9.932390430000000000e+08
9.932450740000000000e+08
9.932689330000000000e+08
9.932757240000000000e+08
9.932762620000000000e+08
9.932786570000000000e+08
9.934600130000000000e+08
9.934990290000000000e+08
9.935343690000000000e+08
9.935410360000000000e+08
9.935531790000000000e+08
9.936917590000000000e+08
9.937608900000000000e+08
9.937665000000000000e+08
9.939573690000000000e+08
9.939573780000000000e+08
9.939929720000000000e+08
9.940118170000000000e+08
9.941747450000000000e+08
9.941761580000000000e+08
9.946952090000000000e+08
9.947051940000000000e+08
9.947105810000000000e+08
9.947338170000000000e+08
9.947438220000000000e+08
9.947464980000000000e+08
9.948730370000000000e+08
9.948937500000000000e+08
9.950808300000000000e+08
9.951294720000000000e+08
9.951425290000000000e+08
9.951726660000000000e+08
9.951845160000000000e+08
9.953217530000000000e+08
9.953796310000000000e+08
9.953796330000000000e+08
9.953809600000000000e+08
9.955568770000000000e+08
9.959749060000000000e+08
9.961234910000000000e+08
9.973572370000000000e+08
9.973660700000000000e+08
9.973670810000000000e+08
9.975377400000000000e+08
9.975377420000000000e+08
9.975383510000000000e+08
9.975630390000000000e+08
9.979460520000000000e+08
9.979600380000000000e+08
9.979600410000000000e+08
9.980360930000000000e+08
9.983310490000000000e+08
9.983445000000000000e+08
9.983519550000000000e+08
9.984824280000000000e+08
9.986963010000000000e+08
9.986988250000000000e+08
9.986995620000000000e+08
9.989944790000000000e+08
9.989985630000000000e+08
9.989995430000000000e+08
9.990579970000000000e+08
9.992158320000000000e+08
9.992524840000000000e+08
9.993151860000000000e+08
9.997416410000000000e+08
9.997431130000000000e+08
9.997575150000000000e+08
9.998688530000000000e+08
1.000027383000000000e+09
1.000062519000000000e+09
1.000158417000000000e+09
1.000345438000000000e+09
1.000361701000000000e+09
1.000450788000000000e+09
1.000580821000000000e+09
1.000581464000000000e+09
1.000600602000000000e+09
1.000742262000000000e+09
1.000742265000000000e+09
1.000749574000000000e+09
1.000782696000000000e+09
1.001356858000000000e+09
1.001443295000000000e+09
1.001697924000000000e+09
1.001705765000000000e+09
1.001833920000000000e+09
1.002170772000000000e+09
1.002206381000000000e+09
1.002219417000000000e+09
1.002256584000000000e+09
1.002435164000000000e+09
1.002937130000000000e+09
1.003005394000000000e+09
1.003252565000000000e+09
1.003302686000000000e+09
1.003567324000000000e+09
1.003567326000000000e+09
1.003630158000000000e+09
1.003678703000000000e+09
1.003953997000000000e+09
1.004274963000000000e+09
1.004280505000000000e+09
1.004369335000000000e+09
1.004777128000000000e+09
1.004778979000000000e+09
1.004778984000000000e+09
1.004844648000000000e+09
1.004856955000000000e+09
1.004975295000000000e+09
1.004976561000000000e+09
1.005043012000000000e+09
1.005215224000000000e+09
1.005229868000000000e+09
1.005262287000000000e+09
1.005262289000000000e+09
1.005411542000000000e+09
1.005432373000000000e+09
1.005447510000000000e+09
1.005478155000000000e+09
1.005623135000000000e+09
1.005640544000000000e+09
1.005678692000000000e+09
1.005695663000000000e+09
1.006125454000000000e+09
1.006142048000000000e+09
1.006217407000000000e+09
1.006226529000000000e+09
1.006368091000000000e+09
1.006369501000000000e+09
1.006405139000000000e+09
1.006439101000000000e+09
1.006643190000000000e+09
1.006644327000000000e+09
1.006705252000000000e+09
1.006749781000000000e+09
1.006909078000000000e+09
1.006931469000000000e+09
1.006990770000000000e+09
1.007225109000000000e+09
1.007247990000000000e+09
1.007743161000000000e+09
1.008030868000000000e+09
1.008030870000000000e+09
1.008180358000000000e+09
1.008535745000000000e+09
1.008881178000000000e+09
1.009875242000000000e+09
1.009940351000000000e+09
1.010177949000000000e+09
1.010660856000000000e+09
1.010724655000000000e+09
1.012248949000000000e+09
1.012670670000000000e+09
1.013012126000000000e+09
