7.710409690000000000e+08
7.712455880000000000e+08
7.719021840000000000e+08
7.721255900000000000e+08
7.724757070000000000e+08
7.726589790000000000e+08
7.733918090000000000e+08
7.735855220000000000e+08
7.741067760000000000e+08
7.741205110000000000e+08
7.743733000000000000e+08
7.744229140000000000e+08
7.746796230000000000e+08
7.749373880000000000e+08
7.752913720000000000e+08
7.759255800000000000e+08
7.769881900000000000e+08
7.770614250000000000e+08
7.780101190000000000e+08
7.781198260000000000e+08
7.788885580000000000e+08
7.789592040000000000e+08
7.789809200000000000e+08
7.795804230000000000e+08
7.797128590000000000e+08
7.798186300000000000e+08
7.803517110000000000e+08
7.804794080000000000e+08
7.807588360000000000e+08
7.817274220000000000e+08
7.819382130000000000e+08
7.823807780000000000e+08
7.830592060000000000e+08
7.832178730000000000e+08
7.839590680000000000e+08
7.839716490000000000e+08
7.841566610000000000e+08
7.853762970000000000e+08
7.853820400000000000e+08
7.854263060000000000e+08
7.858689180000000000e+08
7.860074350000000000e+08
7.868414150000000000e+08
7.869204760000000000e+08
7.869386110000000000e+08
7.883435330000000000e+08
7.888647200000000000e+08
7.890084230000000000e+08
7.892215880000000000e+08
7.898703290000000000e+08
7.899467540000000000e+08
7.912489430000000000e+08
7.912575620000000000e+08
7.912787000000000000e+08
7.913718990000000000e+08
7.917490280000000000e+08
7.917694470000000000e+08
7.918662540000000000e+08
7.919040710000000000e+08
7.924997410000000000e+08
7.926619030000000000e+08
7.933236540000000000e+08
7.942754790000000000e+08
7.949539090000000000e+08
7.958389270000000000e+08
7.958545550000000000e+08
7.958545590000000000e+08
7.960461970000000000e+08
7.962336020000000000e+08
7.981459750000000000e+08
7.986796180000000000e+08
7.990496280000000000e+08
7.990513100000000000e+08
7.999198870000000000e+08
7.999223160000000000e+08
8.002021710000000000e+08
8.002993620000000000e+08
8.002993660000000000e+08
8.009197280000000000e+08
8.009225110000000000e+08
8.023640850000000000e+08
8.024068370000000000e+08
8.029229680000000000e+08
8.029881190000000000e+08
8.029881320000000000e+08
8.033470040000000000e+08
8.033515200000000000e+08
8.049296490000000000e+08
8.055352490000000000e+08
8.056397800000000000e+08
8.066161080000000000e+08
8.093588110000000000e+08
8.094272970000000000e+08
8.098150410000000000e+08
8.105988800000000000e+08
8.113540080000000000e+08
8.118301020000000000e+08
8.125598030000000000e+08
8.130419530000000000e+08
8.137371100000000000e+08
8.145453060000000000e+08
8.147498910000000000e+08
8.150153290000000000e+08
8.150458740000000000e+08
8.155119780000000000e+08
8.158658070000000000e+08
8.163815160000000000e+08
8.163942560000000000e+08
8.164175780000000000e+08
8.170530450000000000e+08
8.171822030000000000e+08
8.180074890000000000e+08
8.185394360000000000e+08
8.187585720000000000e+08
8.190653770000000000e+08
8.192451470000000000e+08
8.194979980000000000e+08
8.199904910000000000e+08
8.207404000000000000e+08
8.215939790000000000e+08
8.218033800000000000e+08
8.219316550000000000e+08
8.221593460000000000e+08
8.224093530000000000e+08
8.228745780000000000e+08
8.232410070000000000e+08
8.232486380000000000e+08
8.232547230000000000e+08
8.234962260000000000e+08
8.239229500000000000e+08
8.239681000000000000e+08
8.245665870000000000e+08
8.249928040000000000e+08
8.250129950000000000e+08
8.252689820000000000e+08
8.252690060000000000e+08
8.255338660000000000e+08
8.259022390000000000e+08
8.263567470000000000e+08
8.266971580000000000e+08
8.266971620000000000e+08
8.268463030000000000e+08
8.273747570000000000e+08
8.273747650000000000e+08
8.279440140000000000e+08
8.286695930000000000e+08
8.288382360000000000e+08
8.291388370000000000e+08
8.292827850000000000e+08
8.297146720000000000e+08
8.298775520000000000e+08
8.306201260000000000e+08
8.308329880000000000e+08
8.319051480000000000e+08
8.320195830000000000e+08
8.323258150000000000e+08
8.325227890000000000e+08
8.325408450000000000e+08
8.329900710000000000e+08
8.332522720000000000e+08
8.334544200000000000e+08
8.337808030000000000e+08
8.340597750000000000e+08
8.340930140000000000e+08
8.345739800000000000e+08
8.348861390000000000e+08
8.349030600000000000e+08
8.349084810000000000e+08
8.354481320000000000e+08
8.355572960000000000e+08
8.356089880000000000e+08
8.356165030000000000e+08
8.358657220000000000e+08
8.360992470000000000e+08
8.361666940000000000e+08
8.361738850000000000e+08
8.365222590000000000e+08
8.367616530000000000e+08
8.367693860000000000e+08
8.367774680000000000e+08
8.370836570000000000e+08
8.370836660000000000e+08
8.371925670000000000e+08
8.371966270000000000e+08
8.372020820000000000e+08
8.374432250000000000e+08
8.374492230000000000e+08
8.376298690000000000e+08
8.376389160000000000e+08
8.376477220000000000e+08
8.382037840000000000e+08
8.382361650000000000e+08
8.384869640000000000e+08
8.384961220000000000e+08
8.384961260000000000e+08
8.389983620000000000e+08
8.390147380000000000e+08
8.392208400000000000e+08
8.392335160000000000e+08
8.392342890000000000e+08
8.394688260000000000e+08
8.394792480000000000e+08
8.395660280000000000e+08
8.395660450000000000e+08
8.395660490000000000e+08
8.398373800000000000e+08
8.398545530000000000e+08
8.399123160000000000e+08
8.399180830000000000e+08
8.399314850000000000e+08
8.399399860000000000e+08
8.403305010000000000e+08
8.403305090000000000e+08
8.405818230000000000e+08
8.405818270000000000e+08
8.405834120000000000e+08
8.405945140000000000e+08
8.405945180000000000e+08
8.411481180000000000e+08
8.411855200000000000e+08
8.411918360000000000e+08
8.414268320000000000e+08
8.414268570000000000e+08
8.414296870000000000e+08
8.414317600000000000e+08
8.417071770000000000e+08
8.417308680000000000e+08
8.417308730000000000e+08
8.418277740000000000e+08
8.418300770000000000e+08
8.418300960000000000e+08
8.418422100000000000e+08
8.421393100000000000e+08
8.421393200000000000e+08
8.421743990000000000e+08
8.423852660000000000e+08
8.423852770000000000e+08
8.423872170000000000e+08
8.423996250000000000e+08
8.424197990000000000e+08
8.427920940000000000e+08
8.427921000000000000e+08
8.428199290000000000e+08
8.428199330000000000e+08
8.428213140000000000e+08
8.428401440000000000e+08
8.428444130000000000e+08
8.431668650000000000e+08
8.431788970000000000e+08
8.433977140000000000e+08
8.434004430000000000e+08
8.434004530000000000e+08
8.434015800000000000e+08
8.434231710000000000e+08
8.440275940000000000e+08
8.441643760000000000e+08
8.441978680000000000e+08
8.441997580000000000e+08
8.441997660000000000e+08
8.442298950000000000e+08
8.442347900000000000e+08
8.442539290000000000e+08
8.446082770000000000e+08
8.448499720000000000e+08
8.448754100000000000e+08
8.448806860000000000e+08
8.448918850000000000e+08
8.449082610000000000e+08
8.449450600000000000e+08
8.454096520000000000e+08
8.455644450000000000e+08
8.455720390000000000e+08
8.455720440000000000e+08
8.455851050000000000e+08
8.455946840000000000e+08
8.460160590000000000e+08
8.460512760000000000e+08
8.462480080000000000e+08
8.462726220000000000e+08
8.462848800000000000e+08
8.463169160000000000e+08
8.463314230000000000e+08
8.467500500000000000e+08
8.467911950000000000e+08
8.470221550000000000e+08
8.470363280000000000e+08
8.470363380000000000e+08
8.470484900000000000e+08
8.476138460000000000e+08
8.476607410000000000e+08
8.478295980000000000e+08
8.478381310000000000e+08
8.478717710000000000e+08
8.478749400000000000e+08
8.482726570000000000e+08
8.485196450000000000e+08
8.485265110000000000e+08
8.489102430000000000e+08
8.489383210000000000e+08
8.490732650000000000e+08
8.494855480000000000e+08
8.494947620000000000e+08
8.496353760000000000e+08
8.508071740000000000e+08
8.508108580000000000e+08
8.509777530000000000e+08
8.514714010000000000e+08
8.515639310000000000e+08
8.517797460000000000e+08
8.522293600000000000e+08
8.522356780000000000e+08
8.524407750000000000e+08
8.524683810000000000e+08
8.530256130000000000e+08
8.531682040000000000e+08
8.532609390000000000e+08
8.535269480000000000e+08
8.538755020000000000e+08
8.538861460000000000e+08
8.545638570000000000e+08
8.554218650000000000e+08
8.554590120000000000e+08
8.559734980000000000e+08
8.559809370000000000e+08
8.567172820000000000e+08
8.567196150000000000e+08
8.575048980000000000e+08
8.575479280000000000e+08
8.576121050000000000e+08
8.580294870000000000e+08
8.582408910000000000e+08
8.582507630000000000e+08
8.582739590000000000e+08
8.589677890000000000e+08
8.590320260000000000e+08
8.590320440000000000e+08
8.590492980000000000e+08
8.590540700000000000e+08
8.590656270000000000e+08
8.597353110000000000e+08
8.597848680000000000e+08
8.597915580000000000e+08
8.597915630000000000e+08
8.597938800000000000e+08
8.598022800000000000e+08
8.606650510000000000e+08
8.607528030000000000e+08
8.607528190000000000e+08
8.608369800000000000e+08
8.608946590000000000e+08
8.617880940000000000e+08
8.617899350000000000e+08
8.617946940000000000e+08
8.617946990000000000e+08
8.617947040000000000e+08
8.623263210000000000e+08
8.627014650000000000e+08
8.627015030000000000e+08
8.627168940000000000e+08
8.627169130000000000e+08
8.633618520000000000e+08
8.635593180000000000e+08
8.635593270000000000e+08
8.635710630000000000e+08
8.636148360000000000e+08
8.639669660000000000e+08
8.641254300000000000e+08
8.641375470000000000e+08
8.641399110000000000e+08
8.642600280000000000e+08
8.642802640000000000e+08
8.646567580000000000e+08
8.648131300000000000e+08
8.648244490000000000e+08
8.648391600000000000e+08
8.648391760000000000e+08
8.651147050000000000e+08
8.654601790000000000e+08
8.654828570000000000e+08
8.655448210000000000e+08
8.655804290000000000e+08
8.655819410000000000e+08
8.658831820000000000e+08
8.658878210000000000e+08
8.658878290000000000e+08
8.662870880000000000e+08
8.662871430000000000e+08
8.662964780000000000e+08
8.663337580000000000e+08
8.669066960000000000e+08
8.669094320000000000e+08
8.669129230000000000e+08
8.669500700000000000e+08
8.669712520000000000e+08
8.669996770000000000e+08
8.670415020000000000e+08
8.670569140000000000e+08
8.670820860000000000e+08
8.675059930000000000e+08
8.675210150000000000e+08
8.675531780000000000e+08
8.676155290000000000e+08
8.676155410000000000e+08
8.676498780000000000e+08
8.679456600000000000e+08
8.679777750000000000e+08
8.680047700000000000e+08
8.680087610000000000e+08
8.680702160000000000e+08
8.685118250000000000e+08
8.685135450000000000e+08
8.685210850000000000e+08
8.685403330000000000e+08
8.685467630000000000e+08
8.685553610000000000e+08
8.686582940000000000e+08
8.687097150000000000e+08
8.687211140000000000e+08
8.687477970000000000e+08
8.691989660000000000e+08
8.692142150000000000e+08
8.692239650000000000e+08
8.693119540000000000e+08
8.693194140000000000e+08
8.693346430000000000e+08
8.695590970000000000e+08
8.696391410000000000e+08
8.704733960000000000e+08
8.704816850000000000e+08
8.704816990000000000e+08
8.705921030000000000e+08
8.709608900000000000e+08
8.710339380000000000e+08
8.717230630000000000e+08
8.717230730000000000e+08
8.717289700000000000e+08
8.717823870000000000e+08
8.717823970000000000e+08
8.720624330000000000e+08
8.721075050000000000e+08
8.721272920000000000e+08
8.721589380000000000e+08
8.726072930000000000e+08
8.726072970000000000e+08
8.726091850000000000e+08
8.726902180000000000e+08
8.727202560000000000e+08
8.730024130000000000e+08
8.730159340000000000e+08
8.730518010000000000e+08
8.734404310000000000e+08
8.734404380000000000e+08
8.734498380000000000e+08
8.735302790000000000e+08
8.735379110000000000e+08
8.737505350000000000e+08
8.737815800000000000e+08
8.738249510000000000e+08
8.742954780000000000e+08
8.743245230000000000e+08
8.743245270000000000e+08
8.743335720000000000e+08
8.744169850000000000e+08
8.746811180000000000e+08
8.746999220000000000e+08
8.747478870000000000e+08
8.747478920000000000e+08
8.750201290000000000e+08
8.750201690000000000e+08
8.750201750000000000e+08
8.750202030000000000e+08
8.750202110000000000e+08
8.753859210000000000e+08
8.754143320000000000e+08
8.754409360000000000e+08
8.754443950000000000e+08
8.754797830000000000e+08
8.764485280000000000e+08
8.764485360000000000e+08
8.765212530000000000e+08
8.766518910000000000e+08
8.767374420000000000e+08
8.767657080000000000e+08
8.768367730000000000e+08
8.768576980000000000e+08
8.773461830000000000e+08
8.773461920000000000e+08
8.774479640000000000e+08
8.774873750000000000e+08
8.775588190000000000e+08
8.775588330000000000e+08
8.776147470000000000e+08
8.776177470000000000e+08
8.778558660000000000e+08
8.778558790000000000e+08
8.779258160000000000e+08
8.779381810000000000e+08
8.781591710000000000e+08
8.781793820000000000e+08
8.782337510000000000e+08
8.782459780000000000e+08
8.782519330000000000e+08
8.782823600000000000e+08
8.782823690000000000e+08
8.786158590000000000e+08
8.786158670000000000e+08
8.786710680000000000e+08
8.786710740000000000e+08
8.787714030000000000e+08
8.789932550000000000e+08
8.790035880000000000e+08
8.790372530000000000e+08
8.790745740000000000e+08
8.790745850000000000e+08
8.790943610000000000e+08
8.798466290000000000e+08
8.798547870000000000e+08
8.799586540000000000e+08
8.799690020000000000e+08
8.799744710000000000e+08
8.800884000000000000e+08
8.801749390000000000e+08
8.801811640000000000e+08
8.801839010000000000e+08
8.801918520000000000e+08
8.801918800000000000e+08
8.802018590000000000e+08
8.802311560000000000e+08
8.805816390000000000e+08
8.805908690000000000e+08
8.806448240000000000e+08
8.806471680000000000e+08
8.807692490000000000e+08
8.807754500000000000e+08
8.807754540000000000e+08
8.807808890000000000e+08
8.812047960000000000e+08
8.812106900000000000e+08
8.812511870000000000e+08
8.812533160000000000e+08
8.814130920000000000e+08
8.814166370000000000e+08
8.814191020000000000e+08
8.814255090000000000e+08
8.814279780000000000e+08
8.814502320000000000e+08
8.814502530000000000e+08
8.822192670000000000e+08
8.822339510000000000e+08
8.822561170000000000e+08
8.822898360000000000e+08
8.822912650000000000e+08
8.823736530000000000e+08
8.823885910000000000e+08
8.823931750000000000e+08
8.824015900000000000e+08
8.824266700000000000e+08
8.824266750000000000e+08
8.826778130000000000e+08
8.826796350000000000e+08
8.827362700000000000e+08
8.827810750000000000e+08
8.828275770000000000e+08
8.828312970000000000e+08
8.828333350000000000e+08
8.828444020000000000e+08
8.836329480000000000e+08
8.836329560000000000e+08
8.837042300000000000e+08
8.837563800000000000e+08
8.838514530000000000e+08
8.838578740000000000e+08
8.838578830000000000e+08
8.839867430000000000e+08
8.840045620000000000e+08
8.840700370000000000e+08
8.845529010000000000e+08
8.845600330000000000e+08
8.845600640000000000e+08
8.845980440000000000e+08
8.846057350000000000e+08
8.846779290000000000e+08
8.847762480000000000e+08
8.847762710000000000e+08
8.848009230000000000e+08
8.848469350000000000e+08
8.854040240000000000e+08
8.854040750000000000e+08
8.854109290000000000e+08
8.854109340000000000e+08
8.854185210000000000e+08
8.855402370000000000e+08
8.855898460000000000e+08
8.855984120000000000e+08
8.856097780000000000e+08
8.857399150000000000e+08
8.862399820000000000e+08
8.862509950000000000e+08
8.862570160000000000e+08
8.862628410000000000e+08
8.863768350000000000e+08
8.863821750000000000e+08
8.864374610000000000e+08
8.864423460000000000e+08
8.864469620000000000e+08
8.864469710000000000e+08
8.864722410000000000e+08
8.868386020000000000e+08
8.868732950000000000e+08
8.869001970000000000e+08
8.869469440000000000e+08
8.869539010000000000e+08
8.870061110000000000e+08
8.871421210000000000e+08
8.871753020000000000e+08
8.871836740000000000e+08
8.872369470000000000e+08
8.880333380000000000e+08
8.881635190000000000e+08
8.882139490000000000e+08
8.882186840000000000e+08
8.882631470000000000e+08
8.882951700000000000e+08
8.882985900000000000e+08
8.882985970000000000e+08
8.883468870000000000e+08
8.891556820000000000e+08
8.891834540000000000e+08
8.894364330000000000e+08
8.894689600000000000e+08
8.894782820000000000e+08
8.894782910000000000e+08
8.895366680000000000e+08
8.900210900000000000e+08
8.900211000000000000e+08
8.900512210000000000e+08
8.900545510000000000e+08
8.904086020000000000e+08
8.904086350000000000e+08
8.904591820000000000e+08
8.905554570000000000e+08
8.905784680000000000e+08
8.914879530000000000e+08
8.915044760000000000e+08
8.916356590000000000e+08
8.916356630000000000e+08
8.916356670000000000e+08
8.917243110000000000e+08
8.917527820000000000e+08
8.917590600000000000e+08
8.917922550000000000e+08
8.924108340000000000e+08
8.924138710000000000e+08
8.925103040000000000e+08
8.925250190000000000e+08
8.925896870000000000e+08
8.925978810000000000e+08
8.926631030000000000e+08
8.933568700000000000e+08
8.933591240000000000e+08
8.933627300000000000e+08
8.934332520000000000e+08
8.935511760000000000e+08
8.935607390000000000e+08
8.935607630000000000e+08
8.935640910000000000e+08
8.936006060000000000e+08
8.936006100000000000e+08
8.936086870000000000e+08
8.941036230000000000e+08
8.942093780000000000e+08
8.942158320000000000e+08
8.942158490000000000e+08
8.944812790000000000e+08
8.944812910000000000e+08
8.944812990000000000e+08
8.944813190000000000e+08
8.944899500000000000e+08
8.944951690000000000e+08
8.949879690000000000e+08
8.949941110000000000e+08
8.950223260000000000e+08
8.952489040000000000e+08
8.952489330000000000e+08
8.952561700000000000e+08
8.952620030000000000e+08
8.952705640000000000e+08
8.952785670000000000e+08
8.955623860000000000e+08
8.958098640000000000e+08
8.958963430000000000e+08
8.958963680000000000e+08
8.959022860000000000e+08
8.959476030000000000e+08
8.960246860000000000e+08
8.965263480000000000e+08
8.965436860000000000e+08
8.965436950000000000e+08
8.965612640000000000e+08
8.968824630000000000e+08
8.969313250000000000e+08
8.969459020000000000e+08
8.969958230000000000e+08
8.969958280000000000e+08
8.970029670000000000e+08
8.984323730000000000e+08
8.984536400000000000e+08
8.984613720000000000e+08
8.984932950000000000e+08
8.986580790000000000e+08
8.986650960000000000e+08
8.986672520000000000e+08
8.986688280000000000e+08
8.986820700000000000e+08
8.986916740000000000e+08
8.988746500000000000e+08
8.988896120000000000e+08
8.988896320000000000e+08
8.988908000000000000e+08
8.989389200000000000e+08
8.993906840000000000e+08
8.994002590000000000e+08
8.994522220000000000e+08
8.994614850000000000e+08
8.996855570000000000e+08
8.996855650000000000e+08
8.997005790000000000e+08
8.997005870000000000e+08
8.997428690000000000e+08
9.002262400000000000e+08
9.002268530000000000e+08
9.002268570000000000e+08
9.002280740000000000e+08
9.002310590000000000e+08
9.002310630000000000e+08
9.002321440000000000e+08
9.009363020000000000e+08
9.010761330000000000e+08
9.011024400000000000e+08
9.013166360000000000e+08
9.013404570000000000e+08
9.013585200000000000e+08
9.013638790000000000e+08
9.013638860000000000e+08
9.013807740000000000e+08
9.014240760000000000e+08
9.018763890000000000e+08
9.019994010000000000e+08
9.020219380000000000e+08
9.020283780000000000e+08
9.020998490000000000e+08
9.022118970000000000e+08
9.022443440000000000e+08
9.022551790000000000e+08
9.022601480000000000e+08
9.022601560000000000e+08
9.022701950000000000e+08
9.023285480000000000e+08
9.028034300000000000e+08
9.028105060000000000e+08
9.028225170000000000e+08
9.028225380000000000e+08
9.029623120000000000e+08
9.029755000000000000e+08
9.029755050000000000e+08
9.029755140000000000e+08
9.030705540000000000e+08
9.030987790000000000e+08
9.036934390000000000e+08
9.040118650000000000e+08
9.045928320000000000e+08
9.046258190000000000e+08
9.046307130000000000e+08
9.048443950000000000e+08
9.048994900000000000e+08
9.049178940000000000e+08
9.049227950000000000e+08
9.049228100000000000e+08
9.049545710000000000e+08
9.066410780000000000e+08
9.066580760000000000e+08
9.066685450000000000e+08
9.066685490000000000e+08
9.066955440000000000e+08
9.067267200000000000e+08
9.070200080000000000e+08
9.070359410000000000e+08
9.070359500000000000e+08
9.070359650000000000e+08
9.071950530000000000e+08
9.073561610000000000e+08
9.079125710000000000e+08
9.079953930000000000e+08
9.079954000000000000e+08
9.079954090000000000e+08
9.080925600000000000e+08
9.081044550000000000e+08
9.081093200000000000e+08
9.081656530000000000e+08
9.084686550000000000e+08
9.084894090000000000e+08
9.085588280000000000e+08
9.085648730000000000e+08
9.085648830000000000e+08
9.085649160000000000e+08
9.089086170000000000e+08
9.089301960000000000e+08
9.092912180000000000e+08
9.093414480000000000e+08
9.093639950000000000e+08
9.093640140000000000e+08
9.095137540000000000e+08
9.101823030000000000e+08
9.101823100000000000e+08
9.102071920000000000e+08
9.102499810000000000e+08
9.102499850000000000e+08
9.102499890000000000e+08
9.102986570000000000e+08
9.103812990000000000e+08
9.103932170000000000e+08
9.103932260000000000e+08
9.103961330000000000e+08
9.104480270000000000e+08
9.107997400000000000e+08
9.108129130000000000e+08
9.108295490000000000e+08
9.108596480000000000e+08
9.110162850000000000e+08
9.110162960000000000e+08
9.110193270000000000e+08
9.110218310000000000e+08
9.110611600000000000e+08
9.113614700000000000e+08
9.113614780000000000e+08
9.113614860000000000e+08
9.113753220000000000e+08
9.114370800000000000e+08
9.114798760000000000e+08
9.115228140000000000e+08
9.115419500000000000e+08
9.115419590000000000e+08
9.115434180000000000e+08
9.115719010000000000e+08
9.115813640000000000e+08
9.118152020000000000e+08
9.119472710000000000e+08
9.119600880000000000e+08
9.120085380000000000e+08
9.120847350000000000e+08
9.121594830000000000e+08
9.122237870000000000e+08
9.122237930000000000e+08
9.122237990000000000e+08
9.122429580000000000e+08
9.123078280000000000e+08
9.123188400000000000e+08
9.123188500000000000e+08
9.125703070000000000e+08
9.125703160000000000e+08
9.125703340000000000e+08
9.125882540000000000e+08
9.126403060000000000e+08
9.129026190000000000e+08
9.129026500000000000e+08
9.129026590000000000e+08
9.129180280000000000e+08
9.130014810000000000e+08
9.130143980000000000e+08
9.136776840000000000e+08
9.136843290000000000e+08
9.137104760000000000e+08
9.137411460000000000e+08
9.138504380000000000e+08
9.138504500000000000e+08
9.138541810000000000e+08
9.138780140000000000e+08
9.138982140000000000e+08
9.139082890000000000e+08
9.139179290000000000e+08
9.139216590000000000e+08
9.142191740000000000e+08
9.142214570000000000e+08
9.142302300000000000e+08
9.142651060000000000e+08
9.143369890000000000e+08
9.143396170000000000e+08
9.143396270000000000e+08
9.144024780000000000e+08
9.144052920000000000e+08
9.144082960000000000e+08
9.144111740000000000e+08
9.146913720000000000e+08
9.146913810000000000e+08
9.147159370000000000e+08
9.147266300000000000e+08
9.148285030000000000e+08
9.148310000000000000e+08
9.148310330000000000e+08
9.148556720000000000e+08
9.148593560000000000e+08
9.148682960000000000e+08
9.148714490000000000e+08
9.153261030000000000e+08
9.153433430000000000e+08
9.154487860000000000e+08
9.154540530000000000e+08
9.156091950000000000e+08
9.156092160000000000e+08
9.156092290000000000e+08
9.156755820000000000e+08
9.156755950000000000e+08
9.156904130000000000e+08
9.156904210000000000e+08
9.157397740000000000e+08
9.163903990000000000e+08
9.164038410000000000e+08
9.164038510000000000e+08
9.164508560000000000e+08
9.164508610000000000e+08
9.166144000000000000e+08
9.166170960000000000e+08
9.166171120000000000e+08
9.166238190000000000e+08
9.166670340000000000e+08
9.166670390000000000e+08
9.166735770000000000e+08
9.172619050000000000e+08
9.172619170000000000e+08
9.173312060000000000e+08
9.173312200000000000e+08
9.175002560000000000e+08
9.175002730000000000e+08
9.175063930000000000e+08
9.175475370000000000e+08
9.175811440000000000e+08
9.175882380000000000e+08
9.175882470000000000e+08
9.176005130000000000e+08
9.176182540000000000e+08
9.180987760000000000e+08
9.180988120000000000e+08
9.181037150000000000e+08
9.182022840000000000e+08
9.182022900000000000e+08
9.182961320000000000e+08
9.184488010000000000e+08
9.184519840000000000e+08
9.184519940000000000e+08
9.184545180000000000e+08
9.184545290000000000e+08
9.184866080000000000e+08
9.184880200000000000e+08
9.188285350000000000e+08
9.189009070000000000e+08
9.189009180000000000e+08
9.190221740000000000e+08
9.190221930000000000e+08
9.190254420000000000e+08
9.190254700000000000e+08
9.190732730000000000e+08
9.190821240000000000e+08
9.190821340000000000e+08
9.194427440000000000e+08
9.194444160000000000e+08
9.196349240000000000e+08
9.197312250000000000e+08
9.198908840000000000e+08
9.198956330000000000e+08
9.199020200000000000e+08
9.199732230000000000e+08
9.199850260000000000e+08
9.199895700000000000e+08
9.204878090000000000e+08
9.205419320000000000e+08
9.207980710000000000e+08
9.208079730000000000e+08
9.208079850000000000e+08
9.208139900000000000e+08
9.208361240000000000e+08
9.208881970000000000e+08
9.208920840000000000e+08
9.209012630000000000e+08
9.213641470000000000e+08
9.214231230000000000e+08
9.215035470000000000e+08
9.216014570000000000e+08
9.218734500000000000e+08
9.218734540000000000e+08
9.218793600000000000e+08
9.218793740000000000e+08
9.219238650000000000e+08
9.219592070000000000e+08
9.219642450000000000e+08
9.219790600000000000e+08
9.224494880000000000e+08
9.224947010000000000e+08
9.225728370000000000e+08
9.226568610000000000e+08
9.229420740000000000e+08
9.233643020000000000e+08
9.233995680000000000e+08
9.234103630000000000e+08
9.234744740000000000e+08
9.236390020000000000e+08
9.237449250000000000e+08
9.237500870000000000e+08
9.237576530000000000e+08
9.237576600000000000e+08
9.237866450000000000e+08
9.238454210000000000e+08
9.238778740000000000e+08
9.244720230000000000e+08
9.244922140000000000e+08
9.245154830000000000e+08
9.245756460000000000e+08
9.247292420000000000e+08
9.247375980000000000e+08
9.247390870000000000e+08
9.247397740000000000e+08
9.247405750000000000e+08
9.247524870000000000e+08
9.247570550000000000e+08
9.247596230000000000e+08
9.250168630000000000e+08
9.250331790000000000e+08
9.250676250000000000e+08
9.250849980000000000e+08
9.250850280000000000e+08
9.255089610000000000e+08
9.266070880000000000e+08
9.266143790000000000e+08
9.266217790000000000e+08
9.266217880000000000e+08
9.266217930000000000e+08
9.266513810000000000e+08
9.267252040000000000e+08
9.267699770000000000e+08
9.274194110000000000e+08
9.274300670000000000e+08
9.274490680000000000e+08
9.276293700000000000e+08
9.276439820000000000e+08
9.276439920000000000e+08
9.276521100000000000e+08
9.276521170000000000e+08
9.277458700000000000e+08
9.277512250000000000e+08
9.282799180000000000e+08
9.284005070000000000e+08
9.285710630000000000e+08
9.286336840000000000e+08
9.286476010000000000e+08
9.286476050000000000e+08
9.286544910000000000e+08
9.286545030000000000e+08
9.287173960000000000e+08
9.287512220000000000e+08
9.293098960000000000e+08
9.293416970000000000e+08
9.293542430000000000e+08
9.294675030000000000e+08
9.295195000000000000e+08
9.295225500000000000e+08
9.295225540000000000e+08
9.295225580000000000e+08
9.295243990000000000e+08
9.295244230000000000e+08
9.295393920000000000e+08
9.297673470000000000e+08
9.298367320000000000e+08
9.298886390000000000e+08
9.303191670000000000e+08
9.303355120000000000e+08
9.303444620000000000e+08
9.303444690000000000e+08
9.303761220000000000e+08
9.304437370000000000e+08
9.314889190000000000e+08
9.315260800000000000e+08
9.315260900000000000e+08
9.319139770000000000e+08
9.320781450000000000e+08
9.321609900000000000e+08
9.325479070000000000e+08
9.325479170000000000e+08
9.325965750000000000e+08
9.326116980000000000e+08
9.326287150000000000e+08
9.329600880000000000e+08
9.329600960000000000e+08
9.329601040000000000e+08
9.329754040000000000e+08
9.329912980000000000e+08
9.330345580000000000e+08
9.334565110000000000e+08
9.334565390000000000e+08
9.334729750000000000e+08
9.336042430000000000e+08
9.339398910000000000e+08
9.339549150000000000e+08
9.339549340000000000e+08
9.340700630000000000e+08
9.340759440000000000e+08
9.340759570000000000e+08
9.347077440000000000e+08
9.347253580000000000e+08
9.349002740000000000e+08
9.350187220000000000e+08
9.350387480000000000e+08
9.350457610000000000e+08
9.350534290000000000e+08
9.351291100000000000e+08
9.351501670000000000e+08
9.353011090000000000e+08
9.356017250000000000e+08
9.360263700000000000e+08
9.360333130000000000e+08
9.360834590000000000e+08
9.360834730000000000e+08
9.361537440000000000e+08
9.361594300000000000e+08
9.361635560000000000e+08
9.361694850000000000e+08
9.362734850000000000e+08
9.373565030000000000e+08
9.373951570000000000e+08
9.374426610000000000e+08
9.374577700000000000e+08
9.376450380000000000e+08
9.377060380000000000e+08
9.377060480000000000e+08
9.377900350000000000e+08
9.378541860000000000e+08
9.387290360000000000e+08
9.387679480000000000e+08
9.387891290000000000e+08
9.387944880000000000e+08
9.388848990000000000e+08
9.388898400000000000e+08
9.395362270000000000e+08
9.395385790000000000e+08
9.397655080000000000e+08
9.399701610000000000e+08
9.399775270000000000e+08
9.399855410000000000e+08
9.401454010000000000e+08
9.401541080000000000e+08
9.405532210000000000e+08
9.405662010000000000e+08
9.407550500000000000e+08
9.407550540000000000e+08
9.407575710000000000e+08
9.407793820000000000e+08
9.407799370000000000e+08
9.414259610000000000e+08
9.415972430000000000e+08
9.417002010000000000e+08
9.417265240000000000e+08
9.417340230000000000e+08
9.417340360000000000e+08
9.418369850000000000e+08
9.418911400000000000e+08
9.418960700000000000e+08
9.418960810000000000e+08
9.419469910000000000e+08
9.421970440000000000e+08
9.424123380000000000e+08
9.424481130000000000e+08
9.425980320000000000e+08
9.427675300000000000e+08
9.427675390000000000e+08
9.427675440000000000e+08
9.428499090000000000e+08
9.428499160000000000e+08
9.433586080000000000e+08
9.435597000000000000e+08
9.438335330000000000e+08
9.439489980000000000e+08
9.441249760000000000e+08
9.441250050000000000e+08
9.441532040000000000e+08
9.442168720000000000e+08
9.442168790000000000e+08
9.446988580000000000e+08
9.448239470000000000e+08
9.448456470000000000e+08
9.449138010000000000e+08
9.449138080000000000e+08
9.449713150000000000e+08
9.450632070000000000e+08
9.450757400000000000e+08
9.450757560000000000e+08
9.451849060000000000e+08
9.452042930000000000e+08
9.452777250000000000e+08
9.456450330000000000e+08
9.458113270000000000e+08
9.458187190000000000e+08
9.458187310000000000e+08
9.462075060000000000e+08
9.462630630000000000e+08
9.462816680000000000e+08
9.462849880000000000e+08
9.470385100000000000e+08
9.470827340000000000e+08
9.471972120000000000e+08
9.473060510000000000e+08
9.473559070000000000e+08
9.473724410000000000e+08
9.473854240000000000e+08
9.475039560000000000e+08
9.479482490000000000e+08
9.479885900000000000e+08
9.480035400000000000e+08
9.481263900000000000e+08
9.481488170000000000e+08
9.481488230000000000e+08
9.481624860000000000e+08
9.482388590000000000e+08
9.483091560000000000e+08
9.483207430000000000e+08
9.491824140000000000e+08
9.491824280000000000e+08
9.492016740000000000e+08
9.492507060000000000e+08
9.492659860000000000e+08
9.492924900000000000e+08
9.493375080000000000e+08
9.493620580000000000e+08
9.494022460000000000e+08
9.499736860000000000e+08
9.499870800000000000e+08
9.499971240000000000e+08
9.500008780000000000e+08
9.501642600000000000e+08
9.502506460000000000e+08
9.502651180000000000e+08
9.514538280000000000e+08
9.514599070000000000e+08
9.515071020000000000e+08
9.515203150000000000e+08
9.515370350000000000e+08
9.515659210000000000e+08
9.516877140000000000e+08
9.516899170000000000e+08
9.516963550000000000e+08
9.526105730000000000e+08
9.526574680000000000e+08
9.527298580000000000e+08
9.527525400000000000e+08
9.527525580000000000e+08
9.528888200000000000e+08
9.529233050000000000e+08
9.529449240000000000e+08
9.539522530000000000e+08
9.539784120000000000e+08
9.539918860000000000e+08
9.540059760000000000e+08
9.540558410000000000e+08
9.541665380000000000e+08
9.541923050000000000e+08
9.541988570000000000e+08
9.546036510000000000e+08
9.546036720000000000e+08
9.550790550000000000e+08
9.550790620000000000e+08
9.550943050000000000e+08
9.559622260000000000e+08
9.560108160000000000e+08
9.561719270000000000e+08
9.564333590000000000e+08
9.564333660000000000e+08
9.564540850000000000e+08
9.565096520000000000e+08
9.570308100000000000e+08
9.570308160000000000e+08
9.570335980000000000e+08
9.570714780000000000e+08
9.571473480000000000e+08
9.572318070000000000e+08
9.574126170000000000e+08
9.574186940000000000e+08
9.574356640000000000e+08
9.574543250000000000e+08
9.582347510000000000e+08
9.582543730000000000e+08
9.583102180000000000e+08
9.584344060000000000e+08
9.584562040000000000e+08
9.585191580000000000e+08
9.585220220000000000e+08
9.585264160000000000e+08
9.585325040000000000e+08
9.585356150000000000e+08
9.585580820000000000e+08
9.585912310000000000e+08
9.588849080000000000e+08
9.588929640000000000e+08
9.589821930000000000e+08
9.590160200000000000e+08
9.590311420000000000e+08
9.590311580000000000e+08
9.590519980000000000e+08
9.590675130000000000e+08
9.590675230000000000e+08
9.591154650000000000e+08
9.596408850000000000e+08
9.596531940000000000e+08
9.598360770000000000e+08
9.598360840000000000e+08
9.598832270000000000e+08
9.599016850000000000e+08
9.599595590000000000e+08
9.599827530000000000e+08
9.599827620000000000e+08
9.600211270000000000e+08
9.600538890000000000e+08
9.604863910000000000e+08
9.604881620000000000e+08
9.606973280000000000e+08
9.607131240000000000e+08
9.607830110000000000e+08
9.607969840000000000e+08
9.607969880000000000e+08
9.608389000000000000e+08
9.611075650000000000e+08
9.611315220000000000e+08
9.612230610000000000e+08
9.612260560000000000e+08
9.612260660000000000e+08
9.612260770000000000e+08
9.612399020000000000e+08
9.617694920000000000e+08
9.621542680000000000e+08
9.622065560000000000e+08
9.622309150000000000e+08
9.622309260000000000e+08
9.622309320000000000e+08
9.622484580000000000e+08
9.623186440000000000e+08
9.628149000000000000e+08
9.631538380000000000e+08
9.632044540000000000e+08
9.632075170000000000e+08
9.632158970000000000e+08
9.632255930000000000e+08
9.632370680000000000e+08
9.632993980000000000e+08
9.635553670000000000e+08
9.639406780000000000e+08
9.640963220000000000e+08
9.641094960000000000e+08
9.641408250000000000e+08
9.641476300000000000e+08
9.641489170000000000e+08
9.641541520000000000e+08
9.650398840000000000e+08
9.650563790000000000e+08
9.650616410000000000e+08
9.650616500000000000e+08
9.650692080000000000e+08
9.654791100000000000e+08
9.657605090000000000e+08
9.657605200000000000e+08
9.657605310000000000e+08
9.663965770000000000e+08
9.667949100000000000e+08
9.668076400000000000e+08
9.668142520000000000e+08
9.668142660000000000e+08
9.668863470000000000e+08
9.672167900000000000e+08
9.674286910000000000e+08
9.675820990000000000e+08
9.676032240000000000e+08
9.676363140000000000e+08
9.677130290000000000e+08
9.681099780000000000e+08
9.681245670000000000e+08
9.681980170000000000e+08
9.683599990000000000e+08
9.685163650000000000e+08
9.685264300000000000e+08
9.685369460000000000e+08
9.685771570000000000e+08
9.690082370000000000e+08
9.690334750000000000e+08
9.694189030000000000e+08
9.694236960000000000e+08
9.694237250000000000e+08
9.694417150000000000e+08
9.695061500000000000e+08
9.699174700000000000e+08
9.700352260000000000e+08
9.700754440000000000e+08
9.700782650000000000e+08
9.700877060000000000e+08
9.707032230000000000e+08
9.708690840000000000e+08
9.708811870000000000e+08
9.708951650000000000e+08
9.709690520000000000e+08
9.714966080000000000e+08
9.715270550000000000e+08
9.716618050000000000e+08
9.716742730000000000e+08
9.716786570000000000e+08
9.716877250000000000e+08
9.718850370000000000e+08
9.718850450000000000e+08
9.720345570000000000e+08
9.720586960000000000e+08
9.720587060000000000e+08
9.721191060000000000e+08
9.723906710000000000e+08
9.724292960000000000e+08
9.725272180000000000e+08
9.725409770000000000e+08
9.725420710000000000e+08
9.725431460000000000e+08
9.726765090000000000e+08
9.727543580000000000e+08
9.727739930000000000e+08
9.727752650000000000e+08
9.733391480000000000e+08
9.733399090000000000e+08
9.734613100000000000e+08
9.734962640000000000e+08
9.736832700000000000e+08
9.736832870000000000e+08
9.737725040000000000e+08
9.737771760000000000e+08
9.737941120000000000e+08
9.737987980000000000e+08
9.741070150000000000e+08
9.741296490000000000e+08
9.743074550000000000e+08
9.743093220000000000e+08
9.743284520000000000e+08
9.743307930000000000e+08
9.747856450000000000e+08
9.748997660000000000e+08
9.751711070000000000e+08
9.752122290000000000e+08
9.752567160000000000e+08
9.753581310000000000e+08
9.754121370000000000e+08
9.754457050000000000e+08
9.754559440000000000e+08
9.755005700000000000e+08
9.760065430000000000e+08
9.760335350000000000e+08
9.760506580000000000e+08
9.761415710000000000e+08
9.761495240000000000e+08
9.761758100000000000e+08
9.761937370000000000e+08
9.761998540000000000e+08
9.765177730000000000e+08
9.765590110000000000e+08
9.766400520000000000e+08
9.767191140000000000e+08
9.769376570000000000e+08
9.769524290000000000e+08
9.769987420000000000e+08
9.770101140000000000e+08
9.773788940000000000e+08
9.773789300000000000e+08
9.774122670000000000e+08
9.777269290000000000e+08
9.777462600000000000e+08
9.778136810000000000e+08
9.778278510000000000e+08
9.780804330000000000e+08
9.780872290000000000e+08
9.780986230000000000e+08
9.781084560000000000e+08
9.782050630000000000e+08
9.782072510000000000e+08
9.782143080000000000e+08
9.782161550000000000e+08
9.785544130000000000e+08
9.785544360000000000e+08
9.786783100000000000e+08
9.786838830000000000e+08
9.787253650000000000e+08
9.787291630000000000e+08
9.792179190000000000e+08
9.792316410000000000e+08
9.792316580000000000e+08
9.793879240000000000e+08
9.794355700000000000e+08
9.794683130000000000e+08
9.794683190000000000e+08
9.797827100000000000e+08
9.800059560000000000e+08
9.801289570000000000e+08
9.801545560000000000e+08
9.801545620000000000e+08
9.816751500000000000e+08
9.816798530000000000e+08
9.816835760000000000e+08
9.816877630000000000e+08
9.825349120000000000e+08
9.825377350000000000e+08
9.825424670000000000e+08
9.827280890000000000e+08
9.827392340000000000e+08
9.827412620000000000e+08
9.827419500000000000e+08
9.832954030000000000e+08
9.832954180000000000e+08
9.833107490000000000e+08
9.834720770000000000e+08
9.839279830000000000e+08
9.840496380000000000e+08
9.840716940000000000e+08
9.857233630000000000e+08
9.857233800000000000e+08
9.858527510000000000e+08
9.860828280000000000e+08
9.861762580000000000e+08
9.861762630000000000e+08
9.861911540000000000e+08
9.866344570000000000e+08
9.866521890000000000e+08
9.867148950000000000e+08
9.868004620000000000e+08
9.869413180000000000e+08
9.870242520000000000e+08
9.870242590000000000e+08
9.870410250000000000e+08
9.874221170000000000e+08
9.874221390000000000e+08
9.876687060000000000e+08
9.879632010000000000e+08
9.881249910000000000e+08
9.881377380000000000e+08
9.881377510000000000e+08
9.888431130000000000e+08
9.888431320000000000e+08
9.889318140000000000e+08
9.891188890000000000e+08
9.891380150000000000e+08
9.891390590000000000e+08
9.891396860000000000e+08
9.893298230000000000e+08
9.893338420000000000e+08
9.893856600000000000e+08
9.894930980000000000e+08
9.895193310000000000e+08
9.895222420000000000e+08
9.895237300000000000e+08
9.901934130000000000e+08
9.901934270000000000e+08
9.902712610000000000e+08
9.902909370000000000e+08
9.903164630000000000e+08
9.903197010000000000e+08
9.903197060000000000e+08
9.904874720000000000e+08
9.905644550000000000e+08
9.905644570000000000e+08
9.905969740000000000e+08
9.906194590000000000e+08
9.906194610000000000e+08
9.906194660000000000e+08
9.907470560000000000e+08
9.907757980000000000e+08
9.908181240000000000e+08
9.908573580000000000e+08
9.908611370000000000e+08
9.908711980000000000e+08
9.908712150000000000e+08
9.908712550000000000e+08
9.916705950000000000e+08
9.917179900000000000e+08
9.917179950000000000e+08
9.917374420000000000e+08
9.917626760000000000e+08
9.917639930000000000e+08
9.917639950000000000e+08
9.919398190000000000e+08
9.919537320000000000e+08
9.919925640000000000e+08
9.919950360000000000e+08
9.919975440000000000e+08
9.920087220000000000e+08
9.921926230000000000e+08
9.921943630000000000e+08
9.922346040000000000e+08
9.922519640000000000e+08
9.922588860000000000e+08
9.923902800000000000e+08
9.923908580000000000e+08
9.924171430000000000e+08
9.924182130000000000e+08
9.924314670000000000e+08
9.928169690000000000e+08
9.932689330000000000e+08
9.932762620000000000e+08
9.932786570000000000e+08
9.934990290000000000e+08
9.935343690000000000e+08
9.935531790000000000e+08
9.939929720000000000e+08
9.940118170000000000e+08
9.947338170000000000e+08
9.947464980000000000e+08
9.951726660000000000e+08
9.951845160000000000e+08
9.953796310000000000e+08
9.953809600000000000e+08
9.961351250000000000e+08
9.973660700000000000e+08
9.973670810000000000e+08
9.974159080000000000e+08
9.975377400000000000e+08
9.975383510000000000e+08
9.975630390000000000e+08
9.979600380000000000e+08
9.979600410000000000e+08
9.980360930000000000e+08
9.983445000000000000e+08
9.983519550000000000e+08
9.984824280000000000e+08
9.986988250000000000e+08
9.986995620000000000e+08
9.989985630000000000e+08
9.989995430000000000e+08
9.990579970000000000e+08
9.992158320000000000e+08
9.992524840000000000e+08
9.993151860000000000e+08
9.997416410000000000e+08
9.997575150000000000e+08
9.998688530000000000e+08
1.000027383000000000e+09
1.000062519000000000e+09
1.000158417000000000e+09
1.000361701000000000e+09
1.000406754000000000e+09
1.000450788000000000e+09
1.000581464000000000e+09
1.000742262000000000e+09
1.000749574000000000e+09
1.000749577000000000e+09
1.000782696000000000e+09
1.001356858000000000e+09
1.001443295000000000e+09
1.001705765000000000e+09
1.001803131000000000e+09
1.001833920000000000e+09
1.002170772000000000e+09
1.002256584000000000e+09
1.002444751000000000e+09
1.002520823000000000e+09
1.002956042000000000e+09
1.003949481000000000e+09
1.004060798000000000e+09
1.004280505000000000e+09
1.004369335000000000e+09
1.004778984000000000e+09
1.004856955000000000e+09
1.004975295000000000e+09
1.005043012000000000e+09
1.005215224000000000e+09
1.005262287000000000e+09
1.005411542000000000e+09
1.005443689000000000e+09
1.005478155000000000e+09
1.005623135000000000e+09
1.005695663000000000e+09
1.006125454000000000e+09
1.006226529000000000e+09
1.006369501000000000e+09
1.006405139000000000e+09
1.006644327000000000e+09
1.006705252000000000e+09
1.006990770000000000e+09
1.007843314000000000e+09
1.008957107000000000e+09
1.009940351000000000e+09
1.010972317000000000e+09
1.013147133000000000e+09
1.029213399000000000e+09
1.029429345000000000e+09
1.030085671000000000e+09
1.030275618000000000e+09
1.030473905000000000e+09
1.030638811000000000e+09
1.030642692000000000e+09
1.030868748000000000e+09
1.030869292000000000e+09
1.031477036000000000e+09
1.031486786000000000e+09
1.031664058000000000e+09
1.031668974000000000e+09
1.031676138000000000e+09
1.031863400000000000e+09
1.031871144000000000e+09
1.031886452000000000e+09
1.031917381000000000e+09
1.032054888000000000e+09
1.032086379000000000e+09
1.032108846000000000e+09
1.032146490000000000e+09
1.032304790000000000e+09
1.032320594000000000e+09
1.032348027000000000e+09
1.032392979000000000e+09
1.033051200000000000e+09
1.033051210000000000e+09
1.033088094000000000e+09
1.033160354000000000e+09
1.033350246000000000e+09
1.033360089000000000e+09
1.033375004000000000e+09
1.033404608000000000e+09
1.033557626000000000e+09
1.033574438000000000e+09
1.033590297000000000e+09
1.033615971000000000e+09
1.033733133000000000e+09
1.033746851000000000e+09
1.033778045000000000e+09
1.033824032000000000e+09
1.034469922000000000e+09
1.034472449000000000e+09
1.034485176000000000e+09
1.034507837000000000e+09
1.034654492000000000e+09
1.034656241000000000e+09
1.034667066000000000e+09
1.034732598000000000e+09
1.034738116000000000e+09
1.034878209000000000e+09
1.034881400000000000e+09
1.034888291000000000e+09
1.034919712000000000e+09
1.034921596000000000e+09
1.035059587000000000e+09
1.035068415000000000e+09
1.035092763000000000e+09
1.035130508000000000e+09
1.035133694000000000e+09
1.035320785000000000e+09
1.035340295000000000e+09
1.035354405000000000e+09
1.035443096000000000e+09
1.035449549000000000e+09
1.035976491000000000e+09
1.035983688000000000e+09
1.035985200000000000e+09
1.036058120000000000e+09
1.036060382000000000e+09
1.036234664000000000e+09
1.036238644000000000e+09
1.036274842000000000e+09
1.036279775000000000e+09
1.036434288000000000e+09
1.036434292000000000e+09
1.036438407000000000e+09
1.036462494000000000e+09
1.036465813000000000e+09
1.036630685000000000e+09
1.036645986000000000e+09
1.036673983000000000e+09
1.036676892000000000e+09
1.036687737000000000e+09
1.036833803000000000e+09
1.036855547000000000e+09
1.036864690000000000e+09
1.036931517000000000e+09
1.036940741000000000e+09
1.037464150000000000e+09
1.037467156000000000e+09
1.037472889000000000e+09
1.037514102000000000e+09
1.037514105000000000e+09
1.037700426000000000e+09
1.037729602000000000e+09
1.037761425000000000e+09
1.037763303000000000e+09
1.037924494000000000e+09
1.037947229000000000e+09
1.037965214000000000e+09
1.038110704000000000e+09
1.038132332000000000e+09
1.038133279000000000e+09
1.038275141000000000e+09
1.038314217000000000e+09
1.038770410000000000e+09
1.038771439000000000e+09
1.038795966000000000e+09
1.038796475000000000e+09
1.038972702000000000e+09
1.039002881000000000e+09
1.039062749000000000e+09
1.039097914000000000e+09
1.039252667000000000e+09
1.039288833000000000e+09
1.039288837000000000e+09
1.039495521000000000e+09
1.039510315000000000e+09
1.039581643000000000e+09
1.039790959000000000e+09
1.039796583000000000e+09
1.039802102000000000e+09
1.039828871000000000e+09
1.039832954000000000e+09
1.040367118000000000e+09
1.040373595000000000e+09
1.040391435000000000e+09
1.040459689000000000e+09
1.040819648000000000e+09
1.040828451000000000e+09
1.040835642000000000e+09
1.040855916000000000e+09
1.040862126000000000e+09
1.041067923000000000e+09
1.041074432000000000e+09
1.041104150000000000e+09
1.041108300000000000e+09
1.041258867000000000e+09
1.041261586000000000e+09
1.041281041000000000e+09
1.041295806000000000e+09
1.041300632000000000e+09
1.041473978000000000e+09
1.041475439000000000e+09
1.041490593000000000e+09
1.041508470000000000e+09
1.041522707000000000e+09
1.041965245000000000e+09
1.041968413000000000e+09
1.042019870000000000e+09
1.042026548000000000e+09
1.042055409000000000e+09
1.042268306000000000e+09
1.042273848000000000e+09
1.042309669000000000e+09
1.042352539000000000e+09
1.042520018000000000e+09
1.042526799000000000e+09
1.042583969000000000e+09
1.042590919000000000e+09
1.042779297000000000e+09
1.042780532000000000e+09
1.042816418000000000e+09
1.042849830000000000e+09
1.043073589000000000e+09
1.043073593000000000e+09
1.043136542000000000e+09
1.043161916000000000e+09
1.043680055000000000e+09
1.043683870000000000e+09
1.043683875000000000e+09
1.043763747000000000e+09
1.043774364000000000e+09
1.043976124000000000e+09
1.043979162000000000e+09
1.043979164000000000e+09
1.044019452000000000e+09
1.044363429000000000e+09
1.044365373000000000e+09
1.044365375000000000e+09
1.044561145000000000e+09
1.044563483000000000e+09
1.044563487000000000e+09
1.044602856000000000e+09
1.044629195000000000e+09
1.044936904000000000e+09
1.044942625000000000e+09
1.044944242000000000e+09
1.044997558000000000e+09
1.045015232000000000e+09
1.045486063000000000e+09
1.045526823000000000e+09
1.045530761000000000e+09
1.045542474000000000e+09
1.045553930000000000e+09
1.045818730000000000e+09
1.045876530000000000e+09
1.045878841000000000e+09
1.045902866000000000e+09
1.046099532000000000e+09
1.046205764000000000e+09
1.046217739000000000e+09
1.046246236000000000e+09
1.046549309000000000e+09
1.046575811000000000e+09
1.046587936000000000e+09
1.046591048000000000e+09
1.046616557000000000e+09
1.046633733000000000e+09
1.046881734000000000e+09
1.046902375000000000e+09
1.046909113000000000e+09
1.046923354000000000e+09
1.046924994000000000e+09
1.047523058000000000e+09
1.047524276000000000e+09
1.047533791000000000e+09
1.047547642000000000e+09
1.047551355000000000e+09
1.047754887000000000e+09
1.047768135000000000e+09
1.047769160000000000e+09
1.047776815000000000e+09
1.047956553000000000e+09
1.047980854000000000e+09
1.047999319000000000e+09
1.048008822000000000e+09
1.048153246000000000e+09
1.048169876000000000e+09
1.048203946000000000e+09
1.048210543000000000e+09
1.048220094000000000e+09
1.048222321000000000e+09
1.048384480000000000e+09
1.048405539000000000e+09
1.048418455000000000e+09
1.048418965000000000e+09
1.048430637000000000e+09
1.049065405000000000e+09
1.049087724000000000e+09
1.049094566000000000e+09
1.049116553000000000e+09
1.049256685000000000e+09
1.049285857000000000e+09
1.049286456000000000e+09
1.049478766000000000e+09
1.049482816000000000e+09
1.049505160000000000e+09
1.049512115000000000e+09
1.049517378000000000e+09
1.049519525000000000e+09
1.049739446000000000e+09
1.049741376000000000e+09
1.049762295000000000e+09
1.049769444000000000e+09
1.050280064000000000e+09
1.050288394000000000e+09
1.050635577000000000e+09
1.050641155000000000e+09
1.050653678000000000e+09
1.050956701000000000e+09
1.051156371000000000e+09
1.051168473000000000e+09
1.051371739000000000e+09
1.051910181000000000e+09
1.052129803000000000e+09
1.052130442000000000e+09
1.052328261000000000e+09
1.052545850000000000e+09
1.052768231000000000e+09
1.052821005000000000e+09
1.053319478000000000e+09
1.053566905000000000e+09
1.053739979000000000e+09
1.053740470000000000e+09
1.053759571000000000e+09
1.053930839000000000e+09
1.053932322000000000e+09
1.054088461000000000e+09
1.054199973000000000e+09
1.054215595000000000e+09
1.054217735000000000e+09
1.054725070000000000e+09
1.054761717000000000e+09
1.054771866000000000e+09
1.054983961000000000e+09
1.055031013000000000e+09
1.055217779000000000e+09
1.055252442000000000e+09
1.055382138000000000e+09
1.055420551000000000e+09
1.055420553000000000e+09
1.055594078000000000e+09
1.055597186000000000e+09
1.055621337000000000e+09
1.055621341000000000e+09
1.056114501000000000e+09
1.056114504000000000e+09
1.056518420000000000e+09
1.056518422000000000e+09
1.056729239000000000e+09
1.056744654000000000e+09
1.057019710000000000e+09
1.057032894000000000e+09
1.057591696000000000e+09
1.057609386000000000e+09
1.057862162000000000e+09
1.057889615000000000e+09
1.058142363000000000e+09
1.058430646000000000e+09
1.058431377000000000e+09
1.058456660000000000e+09
1.058698216000000000e+09
1.058723977000000000e+09
1.059234582000000000e+09
1.059251744000000000e+09
1.059514695000000000e+09
1.059703416000000000e+09
1.059934211000000000e+09
1.060130122000000000e+09
1.060705596000000000e+09
1.061029698000000000e+09
1.061287637000000000e+09
1.061443328000000000e+09
1.061522902000000000e+09
1.061644453000000000e+09
1.061717011000000000e+09
1.062268811000000000e+09
1.062333564000000000e+09
1.062511447000000000e+09
1.062586440000000000e+09
1.062725131000000000e+09
1.062787786000000000e+09
1.062959248000000000e+09
1.063045120000000000e+09
1.063228307000000000e+09
1.063355775000000000e+09
1.063897644000000000e+09
1.064130389000000000e+09
1.064153243000000000e+09
1.064352385000000000e+09
1.064352387000000000e+09
1.064647050000000000e+09
1.064661651000000000e+09
1.064811795000000000e+09
1.066062571000000000e+09
1.068072446000000000e+09
1.068092571000000000e+09
1.069754075000000000e+09
1.070628235000000000e+09
