9.515203190000000000e+08
9.539829600000000000e+08
9.560108090000000000e+08
9.570324920000000000e+08
9.582347420000000000e+08
9.596810450000000000e+08
9.937665000000000000e+08
9.942106590000000000e+08
9.947438220000000000e+08
9.948945180000000000e+08
9.951425290000000000e+08
9.953796330000000000e+08
7.926803060000000000e+08
7.949683000000000000e+08
7.957429900000000000e+08
7.962512700000000000e+08
8.258885410000000000e+08
8.295788290000000000e+08
8.318244260000000000e+08
8.329811540000000000e+08
8.358208320000000000e+08
9.927247570000000000e+08
9.932428590000000000e+08
9.935410360000000000e+08
9.939573780000000000e+08
9.941747450000000000e+08
9.947051940000000000e+08
8.705921150000000000e+08
8.718083940000000000e+08
8.726261600000000000e+08
8.736956530000000000e+08
8.781201010000000000e+08
8.790372690000000000e+08
8.807847940000000000e+08
9.384258820000000000e+08
9.405532280000000000e+08
9.414575670000000000e+08
9.434799880000000000e+08
9.319555270000000000e+08
9.338307530000000000e+08
9.376634170000000000e+08
9.399366270000000000e+08
9.857784200000000000e+08
9.888666960000000000e+08
9.901934210000000000e+08
9.916629100000000000e+08
9.649993920000000000e+08
9.674493080000000000e+08
9.683345950000000000e+08
9.708774120000000000e+08
9.719509090000000000e+08
9.348122490000000000e+08
9.356534790000000000e+08
9.395334420000000000e+08
9.406284020000000000e+08
9.188601870000000000e+08
9.217590970000000000e+08
9.224679300000000000e+08
9.245503250000000000e+08
9.263936940000000000e+08
9.283619130000000000e+08
1.041977344000000000e+09
1.042577574000000000e+09
1.042816429000000000e+09
1.043774370000000000e+09
8.529662480000000000e+08
8.538755140000000000e+08
8.554243480000000000e+08
8.573400410000000000e+08
8.589747310000000000e+08
1.048388846000000000e+09
1.050253885000000000e+09
1.050620316000000000e+09
1.051129953000000000e+09
1.052162540000000000e+09
1.046904233000000000e+09
1.047754882000000000e+09
1.047986643000000000e+09
1.050263298000000000e+09
8.483482150000000000e+08
8.558667010000000000e+08
8.564672360000000000e+08
8.573670170000000000e+08
8.605338620000000000e+08
8.640686490000000000e+08
9.378256620000000000e+08
9.402436850000000000e+08
9.407968590000000000e+08
9.483417570000000000e+08
9.298187970000000000e+08
9.335047590000000000e+08
9.358115630000000000e+08
9.374162920000000000e+08
9.608343300000000000e+08
9.623463350000000000e+08
9.650341850000000000e+08
9.667654940000000000e+08
1.065410067000000000e+09
1.066971490000000000e+09
1.067619789000000000e+09
1.071017498000000000e+09
1.071270468000000000e+09
7.753783260000000000e+08
7.880177090000000000e+08
1.050267978000000000e+09
1.050970990000000000e+09
1.051142682000000000e+09
1.051341605000000000e+09
1.052327057000000000e+09
1.065418558000000000e+09
1.065864253000000000e+09
1.066967257000000000e+09
1.067611874000000000e+09
1.069251048000000000e+09
1.080558783000000000e+09
1.081672735000000000e+09
1.082707526000000000e+09
1.052517136000000000e+09
1.053566913000000000e+09
1.053932830000000000e+09
1.054723429000000000e+09
9.927295580000000000e+08
9.932450740000000000e+08
9.936917590000000000e+08
9.947105810000000000e+08
8.893880780000000000e+08
8.916056820000000000e+08
8.925265440000000000e+08
8.943680640000000000e+08
9.147417600000000000e+08
9.189533260000000000e+08
9.295034450000000000e+08
9.303355190000000000e+08
1.006931469000000000e+09
1.007247990000000000e+09
1.008030870000000000e+09
1.008881178000000000e+09
1.085687085000000000e+09
1.086170874000000000e+09
1.086389199000000000e+09
1.087699375000000000e+09
1.088240041000000000e+09
1.088775171000000000e+09
1.052162546000000000e+09
1.052547134000000000e+09
1.056253022000000000e+09
1.037743363000000000e+09
1.038138169000000000e+09
1.038309505000000000e+09
1.039260737000000000e+09
9.551100470000000000e+08
9.573312580000000000e+08
9.589945110000000000e+08
9.606973320000000000e+08
8.807766480000000000e+08
8.824462650000000000e+08
8.838638920000000000e+08
8.848081600000000000e+08
8.856441810000000000e+08
8.871654320000000000e+08
1.081479282000000000e+09
1.082339563000000000e+09
1.082762804000000000e+09
1.083001647000000000e+09
1.084262448000000000e+09
9.922512610000000000e+08
9.928151060000000000e+08
9.932757240000000000e+08
9.937608900000000000e+08
8.470484850000000000e+08
8.485759920000000000e+08
8.490988510000000000e+08
8.509766040000000000e+08
8.891751940000000000e+08
8.914467890000000000e+08
8.923872610000000000e+08
8.940834700000000000e+08
9.778381760000000000e+08
9.786470800000000000e+08
9.794147550000000000e+08
9.819578490000000000e+08
9.861762500000000000e+08
9.880993320000000000e+08
9.890368900000000000e+08
1.059485222000000000e+09
1.059890582000000000e+09
1.060075064000000000e+09
1.060651606000000000e+09
1.061720863000000000e+09
8.806685190000000000e+08
8.822561270000000000e+08
8.827481840000000000e+08
8.845961280000000000e+08
8.863225950000000000e+08
8.869269350000000000e+08
8.881270120000000000e+08
1.042294199000000000e+09
1.042542860000000000e+09
1.043786075000000000e+09
1.044011835000000000e+09
1.044602299000000000e+09
8.061099310000000000e+08
8.073565570000000000e+08
8.083243010000000000e+08
8.129552560000000000e+08
9.418026990000000000e+08
9.450339940000000000e+08
9.482250400000000000e+08
9.501886440000000000e+08
1.003567326000000000e+09
1.004274963000000000e+09
1.004777128000000000e+09
8.171650940000000000e+08
8.201245400000000000e+08
8.224394530000000000e+08
8.248947210000000000e+08
9.621918270000000000e+08
9.631147280000000000e+08
9.650168240000000000e+08
9.667175220000000000e+08
9.693104570000000000e+08
1.010177949000000000e+09
1.010724655000000000e+09
1.012315207000000000e+09
1.012670670000000000e+09
1.012858926000000000e+09
1.013012126000000000e+09
9.919925570000000000e+08
9.924166580000000000e+08
9.932672240000000000e+08
9.937807540000000000e+08
9.939844220000000000e+08
1.076262188000000000e+09
1.076649660000000000e+09
1.077691596000000000e+09
1.078628356000000000e+09
1.078805166000000000e+09
8.485995420000000000e+08
8.496486180000000000e+08
8.509859930000000000e+08
8.534961050000000000e+08
1.000600602000000000e+09
1.002219417000000000e+09
1.003005394000000000e+09
1.003630158000000000e+09
1.003033316000000000e+09
1.003340085000000000e+09
1.003678703000000000e+09
1.004344898000000000e+09
1.004844648000000000e+09
1.005032062000000000e+09
1.005261321000000000e+09
1.006217407000000000e+09
1.006439101000000000e+09
8.718083780000000000e+08
8.726460680000000000e+08
8.735176350000000000e+08
8.754713580000000000e+08
8.765741390000000000e+08
1.075912006000000000e+09
1.076464984000000000e+09
1.076693596000000000e+09
1.077495433000000000e+09
1.078584437000000000e+09
8.427298950000000000e+08
8.454415120000000000e+08
8.469297500000000000e+08
9.632275780000000000e+08
9.650759940000000000e+08
9.668355170000000000e+08
9.685641340000000000e+08
1.076048999000000000e+09
1.076470023000000000e+09
1.076635241000000000e+09
1.078073756000000000e+09
9.539784040000000000e+08
9.559430030000000000e+08
9.588882680000000000e+08
9.621918340000000000e+08
9.629842290000000000e+08
9.648945910000000000e+08
8.304194510000000000e+08
8.331006830000000000e+08
8.339469290000000000e+08
8.349285950000000000e+08
8.359400150000000000e+08
9.716713330000000000e+08
9.734408130000000000e+08
9.737449750000000000e+08
9.746347330000000000e+08
9.029956270000000000e+08
9.049228000000000000e+08
9.066580640000000000e+08
9.081223810000000000e+08
9.110257990000000000e+08
9.139015360000000000e+08
9.143534450000000000e+08
9.148520870000000000e+08
9.228696240000000000e+08
8.848883790000000000e+08
8.883014370000000000e+08
8.895594620000000000e+08
7.924776790000000000e+08
7.940711280000000000e+08
7.946732800000000000e+08
7.960315090000000000e+08
8.663367640000000000e+08
8.688190480000000000e+08
8.709609080000000000e+08
8.748081310000000000e+08
1.056091650000000000e+09
1.056485831000000000e+09
1.057533246000000000e+09
1.058072139000000000e+09
1.058696622000000000e+09
1.059236465000000000e+09
9.754988640000000000e+08
9.762159990000000000e+08
9.778701640000000000e+08
9.782167990000000000e+08
9.802616940000000000e+08
9.819548590000000000e+08
9.840716780000000000e+08
9.167046340000000000e+08
9.191042670000000000e+08
9.200158950000000000e+08
9.208394780000000000e+08
9.238348520000000000e+08
9.256034860000000000e+08
8.033410100000000000e+08
8.053734920000000000e+08
8.081076470000000000e+08
8.062965980000000000e+08
8.075848760000000000e+08
8.084321670000000000e+08
8.094272930000000000e+08
8.495258840000000000e+08
8.529745370000000000e+08
8.542834070000000000e+08
8.558269370000000000e+08
8.486134060000000000e+08
8.496512750000000000e+08
8.509898320000000000e+08
8.524515670000000000e+08
9.825583060000000000e+08
9.857926250000000000e+08
9.878329040000000000e+08
9.888544320000000000e+08
9.893626000000000000e+08
8.989822500000000000e+08
9.012516630000000000e+08
9.028715650000000000e+08
9.080657600000000000e+08
9.037087600000000000e+08
9.064726250000000000e+08
9.070538760000000000e+08
9.085333700000000000e+08
9.119047170000000000e+08
9.136734770000000000e+08
9.147053010000000000e+08
1.083217187000000000e+09
1.084412566000000000e+09
1.084914230000000000e+09
1.085690095000000000e+09
1.085981495000000000e+09
1.083188324000000000e+09
1.084221839000000000e+09
1.084424759000000000e+09
1.085748845000000000e+09
1.049281468000000000e+09
1.050283956000000000e+09
1.050968476000000000e+09
1.051138449000000000e+09
9.605015780000000000e+08
9.612260870000000000e+08
9.618196310000000000e+08
9.636635050000000000e+08
9.655051850000000000e+08
9.377839300000000000e+08
9.400174210000000000e+08
9.449506090000000000e+08
9.473110150000000000e+08
9.482069190000000000e+08
9.501577870000000000e+08
9.527462300000000000e+08
