8.617018350000000000e+08
8.685381920000000000e+08
8.692855390000000000e+08
8.705599280000000000e+08
9.937665000000000000e+08
9.947438220000000000e+08
9.951425290000000000e+08
9.953796330000000000e+08
7.926803060000000000e+08
7.949683000000000000e+08
7.957429900000000000e+08
7.962512700000000000e+08
8.258885410000000000e+08
8.295788290000000000e+08
8.329811540000000000e+08
8.358208320000000000e+08
8.787034440000000000e+08
8.798466240000000000e+08
8.826694740000000000e+08
9.935410360000000000e+08
9.939573780000000000e+08
9.941747450000000000e+08
9.947051940000000000e+08
1.006749781000000000e+09
1.008180358000000000e+09
8.736956530000000000e+08
8.781201010000000000e+08
8.790372690000000000e+08
8.807847940000000000e+08
8.738463490000000000e+08
8.766600210000000000e+08
8.780759650000000000e+08
9.384258820000000000e+08
9.405532280000000000e+08
9.414575670000000000e+08
9.434799880000000000e+08
9.319555270000000000e+08
9.338307530000000000e+08
9.376634170000000000e+08
9.399366270000000000e+08
8.836960920000000000e+08
8.855466970000000000e+08
8.893367840000000000e+08
8.958046380000000000e+08
9.649993920000000000e+08
9.674493080000000000e+08
9.683345950000000000e+08
9.719509090000000000e+08
7.942127660000000000e+08
7.956144370000000000e+08
7.960432550000000000e+08
7.913279160000000000e+08
9.348122490000000000e+08
9.356534790000000000e+08
9.395334420000000000e+08
9.406284020000000000e+08
9.188601870000000000e+08
9.217590970000000000e+08
9.224679300000000000e+08
9.283619130000000000e+08
8.529662480000000000e+08
8.538755140000000000e+08
8.554243480000000000e+08
8.589747310000000000e+08
9.009760160000000000e+08
9.036934440000000000e+08
9.045745760000000000e+08
9.738364130000000000e+08
9.605015780000000000e+08
9.618196310000000000e+08
9.636635050000000000e+08
9.655051850000000000e+08
8.483482150000000000e+08
8.558667010000000000e+08
8.605338620000000000e+08
8.640686490000000000e+08
9.400174210000000000e+08
9.482069190000000000e+08
9.501577870000000000e+08
9.527462300000000000e+08
9.146747950000000000e+08
9.180846740000000000e+08
9.194594940000000000e+08
1.010660856000000000e+09
1.012248949000000000e+09
9.623463350000000000e+08
9.650341850000000000e+08
9.667654940000000000e+08
9.227174640000000000e+08
9.328605600000000000e+08
7.753783260000000000e+08
7.880177090000000000e+08
7.924997410000000000e+08
8.049714630000000000e+08
8.056949870000000000e+08
8.085008870000000000e+08
9.724293100000000000e+08
9.741404530000000000e+08
9.746064920000000000e+08
9.766237040000000000e+08
9.494043520000000000e+08
9.528378700000000000e+08
9.562690970000000000e+08
9.573879510000000000e+08
9.927295580000000000e+08
9.932450740000000000e+08
9.936917590000000000e+08
9.947105810000000000e+08
8.893880780000000000e+08
8.916056820000000000e+08
8.925265440000000000e+08
8.943680640000000000e+08
9.147417600000000000e+08
9.189533260000000000e+08
9.295034450000000000e+08
9.303355190000000000e+08
1.006931469000000000e+09
1.007247990000000000e+09
1.008030870000000000e+09
1.008881178000000000e+09
9.093692940000000000e+08
9.102421180000000000e+08
9.113463860000000000e+08
9.125702980000000000e+08
9.551100470000000000e+08
9.573312580000000000e+08
9.589945110000000000e+08
9.606973320000000000e+08
8.258885370000000000e+08
9.922512610000000000e+08
9.928151060000000000e+08
9.932757240000000000e+08
9.937608900000000000e+08
7.960561380000000000e+08
7.992884490000000000e+08
8.891751940000000000e+08
8.914467890000000000e+08
8.923872610000000000e+08
8.940834700000000000e+08
9.786470800000000000e+08
9.794147550000000000e+08
9.819578490000000000e+08
9.890368900000000000e+08
8.215218260000000000e+08
8.229956930000000000e+08
8.246254460000000000e+08
8.258013980000000000e+08
8.061099310000000000e+08
8.073565570000000000e+08
8.083243010000000000e+08
8.129552560000000000e+08
1.003249011000000000e+09
1.003567326000000000e+09
1.004274963000000000e+09
1.004777128000000000e+09
8.171650940000000000e+08
8.201245400000000000e+08
8.224394530000000000e+08
8.248947210000000000e+08
9.631147280000000000e+08
9.650168240000000000e+08
9.667175220000000000e+08
8.428127300000000000e+08
8.440275990000000000e+08
8.446494930000000000e+08
8.460113200000000000e+08
9.022658460000000000e+08
1.010177949000000000e+09
1.010724655000000000e+09
1.012670670000000000e+09
1.013012126000000000e+09
8.485995420000000000e+08
8.496486180000000000e+08
8.509859930000000000e+08
8.534961050000000000e+08
1.000600602000000000e+09
1.002219417000000000e+09
1.003005394000000000e+09
1.003630158000000000e+09
1.003678703000000000e+09
1.004844648000000000e+09
1.006217407000000000e+09
1.006439101000000000e+09
8.170819490000000000e+08
8.231967890000000000e+08
9.238237100000000000e+08
9.278199790000000000e+08
9.340405730000000000e+08
9.360199280000000000e+08
8.427298950000000000e+08
8.454415120000000000e+08
8.469297500000000000e+08
8.403174900000000000e+08
8.417215960000000000e+08
8.461699630000000000e+08
9.632275780000000000e+08
9.650759940000000000e+08
9.668355170000000000e+08
9.685641340000000000e+08
9.559430030000000000e+08
9.539784040000000000e+08
9.629842290000000000e+08
9.648945910000000000e+08
8.304194510000000000e+08
8.331006830000000000e+08
8.339469290000000000e+08
8.359400150000000000e+08
8.384795150000000000e+08
9.727778090000000000e+08
9.761001950000000000e+08
9.781974510000000000e+08
9.110257990000000000e+08
9.139015360000000000e+08
9.148520870000000000e+08
9.228696240000000000e+08
8.848883790000000000e+08
8.883014370000000000e+08
8.895594620000000000e+08
7.924776790000000000e+08
7.940711280000000000e+08
7.946732800000000000e+08
7.960315090000000000e+08
9.706365360000000000e+08
9.022820580000000000e+08
9.040156310000000000e+08
9.089086290000000000e+08
9.103932060000000000e+08
8.033410100000000000e+08
8.053734920000000000e+08
8.081076470000000000e+08
8.062965980000000000e+08
8.075848760000000000e+08
8.084321670000000000e+08
8.094272930000000000e+08
7.836290240000000000e+08
7.892957000000000000e+08
7.959034350000000000e+08
7.991313440000000000e+08
8.486134060000000000e+08
8.496512750000000000e+08
8.509898320000000000e+08
8.524515670000000000e+08
9.825583060000000000e+08
9.857926250000000000e+08
9.888544320000000000e+08
9.893626000000000000e+08
8.989822500000000000e+08
9.012516630000000000e+08
9.028715650000000000e+08
9.080657600000000000e+08
7.854490490000000000e+08
7.860449210000000000e+08
7.905130300000000000e+08
7.925839680000000000e+08
